0 79 43 1 11 24 33 17 11 4 40 83 10 37 36 6 61 25 41 6 79 1 62 17 41 75 75 3 76 66 66 34 5 99 54 90 75 
79 0 84 71 47 89 50 25 73 50 24 59 36 55 76 31 16 36 54 82 44 28 72 66 23 80 94 21 38 51 9 1 30 47 88 29 25 
43 84 0 58 14 87 12 15 67 70 23 34 11 40 60 5 21 74 42 1 49 97 14 44 28 94 65 75 78 37 34 28 54 89 59 75 46 
1 71 58 0 0 63 59 73 86 31 12 78 84 5 12 56 68 94 35 52 4 51 68 60 33 79 57 77 37 85 90 59 1 50 67 49 69 
11 47 14 0 0 87 84 76 90 95 63 98 7 3 14 32 99 20 62 1 66 7 80 9 59 4 30 90 39 96 53 7 64 96 95 3 65 
24 89 87 63 87 0 11 12 86 70 9 83 10 84 99 83 96 23 68 23 94 32 97 71 61 10 76 89 1 37 6 69 53 22 3 1 53 
33 50 12 59 84 11 0 70 72 53 32 42 4 23 50 8 41 27 90 24 41 89 5 62 78 23 58 44 59 70 55 47 84 94 50 52 1 
17 25 15 73 76 12 70 0 60 58 1 2 88 53 14 45 3 22 98 20 97 92 55 5 72 69 55 17 35 49 16 93 86 7 31 86 36 
11 73 67 86 90 86 72 60 0 34 52 55 57 50 86 76 57 11 75 34 40 55 23 5 95 27 78 7 53 82 20 38 38 66 30 90 21 
4 50 70 31 95 70 53 58 34 0 33 70 99 26 21 92 34 75 98 28 62 48 0 11 20 1 4 63 51 4 6 43 7 56 33 56 67 
40 24 23 12 63 9 32 1 52 33 0 62 85 6 70 34 46 23 43 66 71 67 64 99 84 16 81 1 37 32 67 78 41 41 3 11 55 
83 59 34 78 98 83 42 2 55 70 62 0 85 17 23 37 77 14 93 97 28 66 81 9 72 63 94 35 33 23 91 43 21 5 20 49 49 
10 36 11 84 7 10 4 88 57 99 85 85 0 35 96 50 70 32 33 56 56 29 61 22 64 59 76 71 0 40 83 98 58 83 47 91 78 
37 55 40 5 3 84 23 53 50 26 6 17 35 0 33 82 4 56 33 33 98 10 56 79 80 94 11 63 18 48 20 63 49 48 15 15 75 
36 76 60 12 14 99 50 14 86 21 70 23 96 33 0 31 73 27 85 97 90 78 49 18 56 73 44 97 5 23 26 3 82 93 30 72 68 
6 31 5 56 32 83 8 45 76 92 34 37 50 82 31 0 7 41 42 52 19 44 71 41 58 89 96 85 45 7 80 89 53 49 57 3 11 
61 16 21 68 99 96 41 3 57 34 46 77 70 4 73 7 0 64 28 35 52 62 64 90 72 36 81 90 22 29 24 74 96 73 86 54 93 
25 36 74 94 20 23 27 22 11 75 23 14 32 56 27 41 64 0 32 7 60 38 47 32 83 41 89 48 65 77 96 52 72 98 2 42 26 
41 54 42 35 62 68 90 98 75 98 43 93 33 33 85 42 28 32 0 0 83 93 93 80 57 60 38 51 4 72 70 28 65 20 51 37 61 
6 82 1 52 1 23 24 20 34 28 66 97 56 33 97 52 35 7 0 0 72 73 6 71 62 48 94 50 82 11 6 78 59 35 36 82 71 
79 44 49 4 66 94 41 97 40 62 71 28 56 98 90 19 52 60 83 72 0 10 29 51 93 80 31 23 50 96 59 28 39 4 83 74 1 
1 28 97 51 7 32 89 92 55 48 67 66 29 10 78 44 62 38 93 73 10 0 86 40 48 95 87 42 52 25 5 85 69 73 34 88 53 
62 72 14 68 80 97 5 55 23 0 64 81 61 56 49 71 64 47 93 6 29 86 0 8 65 81 53 95 72 29 60 12 16 6 37 72 56 
17 66 44 60 9 71 62 5 5 11 99 9 22 79 18 41 90 32 80 71 51 40 8 0 59 61 87 75 71 40 43 42 62 1 58 33 17 
41 23 28 33 59 61 78 72 95 20 84 72 64 80 56 58 72 83 57 62 93 48 65 59 0 96 91 37 33 37 60 93 99 43 46 23 52 
75 80 94 79 4 10 23 69 27 1 16 63 59 94 73 89 36 41 60 48 80 95 81 61 96 0 38 38 7 68 24 40 92 53 34 18 47 
75 94 65 57 30 76 58 55 78 4 81 94 76 11 44 96 81 89 38 94 31 87 53 87 91 38 0 90 35 22 24 45 21 13 28 31 11 
3 21 75 77 90 89 44 17 7 63 1 35 71 63 97 85 90 48 51 50 23 42 95 75 37 38 90 0 85 5 94 64 86 94 77 83 22 
76 38 78 37 39 1 59 35 53 51 37 33 0 18 5 45 22 65 4 82 50 52 72 71 33 7 35 85 0 7 36 86 43 69 35 36 98 
66 51 37 85 96 37 70 49 82 4 32 23 40 48 23 7 29 77 72 11 96 25 29 40 37 68 22 5 7 0 34 58 57 21 51 7 64 
66 9 34 90 53 6 55 16 20 6 67 91 83 20 26 80 24 96 70 6 59 5 60 43 60 24 24 94 36 34 0 44 79 16 97 25 53 
34 1 28 59 7 69 47 93 38 43 78 43 98 63 3 89 74 52 28 78 28 85 12 42 93 40 45 64 86 58 44 0 63 14 0 83 0 
5 30 54 1 64 53 84 86 38 7 41 21 58 49 82 53 96 72 65 59 39 69 16 62 99 92 21 86 43 57 79 63 0 48 87 61 38 
99 47 89 50 96 22 94 7 66 56 41 5 83 48 93 49 73 98 20 35 4 73 6 1 43 53 13 94 69 21 16 14 48 0 31 43 57 
54 88 59 67 95 3 50 31 30 33 3 20 47 15 30 57 86 2 51 36 83 34 37 58 46 34 28 77 35 51 97 0 87 31 0 66 38 
90 29 75 49 3 1 52 86 90 56 11 49 91 15 72 3 54 42 37 82 74 88 72 33 23 18 31 83 36 7 25 83 61 43 66 0 11 
75 25 46 69 65 53 1 36 21 67 55 49 78 75 68 11 93 26 61 71 1 53 56 17 52 47 11 22 98 64 53 0 38 57 38 11 0 
