0 23 81 33 67 20 62 23 49 93 1 25 82 13 51 19 14 54 77 46 94 61 39 87 63 45 25 53 31 54 14 4 37 64 
23 0 65 92 63 87 89 59 13 67 84 83 84 81 92 60 21 5 15 86 61 79 49 60 14 81 28 19 4 51 44 47 73 66 
81 65 0 37 53 54 63 18 42 28 91 24 56 24 60 76 29 0 55 2 57 34 54 59 34 58 62 50 4 55 9 27 43 67 
33 92 37 0 13 68 0 78 33 58 84 29 74 28 40 33 70 67 34 70 57 82 81 49 32 9 60 2 95 90 90 30 36 67 
67 63 53 13 0 82 54 2 51 30 37 21 15 36 5 78 13 17 6 19 45 83 99 62 93 6 46 43 19 52 62 4 49 45 
20 87 54 68 82 0 27 76 28 91 7 32 66 2 64 14 99 16 55 37 91 52 36 83 35 97 60 90 53 7 24 36 17 73 
62 89 63 0 54 27 0 51 10 46 78 16 48 15 57 57 28 56 49 64 54 85 67 64 95 57 60 20 13 15 94 40 42 38 
23 59 18 78 2 76 51 0 57 53 30 40 87 40 72 90 53 59 22 30 50 48 72 18 59 55 7 49 93 59 26 56 42 92 
49 13 42 33 51 28 10 57 0 82 7 91 92 28 18 24 95 32 78 22 46 6 89 73 1 88 39 9 21 70 80 3 74 66 
93 67 28 58 30 91 46 53 82 0 43 62 72 32 88 97 85 54 42 12 11 58 66 58 84 45 53 66 88 13 19 67 22 27 
1 84 91 84 37 7 78 30 7 43 0 49 54 76 33 1 26 37 74 15 14 72 76 4 15 75 37 44 82 74 40 25 10 98 
25 83 24 29 21 32 16 40 91 62 49 0 82 20 11 23 64 83 94 42 18 52 49 59 34 18 99 87 65 22 73 82 23 29 
82 84 56 74 15 66 48 87 92 72 54 82 0 72 22 19 9 79 52 76 65 2 70 39 71 13 41 27 33 58 65 99 49 82 
13 81 24 28 36 2 15 40 28 32 76 20 72 0 36 80 54 35 54 41 95 39 83 44 87 89 86 87 49 1 85 0 23 74 
51 92 60 40 5 64 57 72 18 88 33 11 22 36 0 17 79 47 48 9 74 27 73 59 8 58 25 95 67 74 45 85 63 97 
19 60 76 33 78 14 57 90 24 97 1 23 19 80 17 0 84 18 7 97 61 66 78 65 58 74 80 55 19 57 96 66 92 96 
14 21 29 70 13 99 28 53 95 85 26 64 9 54 79 84 0 90 39 4 67 22 29 82 63 51 6 26 91 35 86 4 3 36 
54 5 0 67 17 16 56 59 32 54 37 83 79 35 47 18 90 0 68 13 8 0 47 96 82 70 64 73 71 8 49 41 25 14 
77 15 55 34 6 55 49 22 78 42 74 94 52 54 48 7 39 68 0 30 18 71 60 24 69 76 89 58 5 22 92 54 35 51 
46 86 2 70 19 37 64 30 22 12 15 42 76 41 9 97 4 13 30 0 16 71 85 10 0 9 97 73 44 83 71 71 4 65 
94 61 57 57 45 91 54 50 46 11 14 18 65 95 74 61 67 8 18 16 0 7 89 26 99 28 77 44 13 58 11 4 97 59 
61 79 34 82 83 52 85 48 6 58 72 52 2 39 27 66 22 0 71 71 7 0 0 28 35 5 17 93 63 24 74 60 98 3 
39 49 54 81 99 36 67 72 89 66 76 49 70 83 73 78 29 47 60 85 89 0 0 40 17 83 89 28 72 29 54 42 78 3 
87 60 59 49 62 83 64 18 73 58 4 59 39 44 59 65 82 96 24 10 26 28 40 0 77 15 36 91 29 43 24 88 47 38 
63 14 34 32 93 35 95 59 1 84 15 34 71 87 8 58 63 82 69 0 99 35 17 77 0 93 90 99 26 1 76 79 10 6 
45 81 58 9 6 97 57 55 88 45 75 18 13 89 58 74 51 70 76 9 28 5 83 15 93 0 66 16 23 85 61 72 4 99 
25 28 62 60 46 60 60 7 39 53 37 99 41 86 25 80 6 64 89 97 77 17 89 36 90 66 0 57 63 31 55 10 99 39 
53 19 50 2 43 90 20 49 9 66 44 87 27 87 95 55 26 73 58 73 44 93 28 91 99 16 57 0 49 42 82 9 93 22 
31 4 4 95 19 53 13 93 21 88 82 65 33 49 67 19 91 71 5 44 13 63 72 29 26 23 63 49 0 70 8 20 64 87 
54 51 55 90 52 7 15 59 70 13 74 22 58 1 74 57 35 8 22 83 58 24 29 43 1 85 31 42 70 0 97 72 66 29 
14 44 9 90 62 24 94 26 80 19 40 73 65 85 45 96 86 49 92 71 11 74 54 24 76 61 55 82 8 97 0 43 35 50 
4 47 27 30 4 36 40 56 3 67 25 82 99 0 85 66 4 41 54 71 4 60 42 88 79 72 10 9 20 72 43 0 78 28 
37 73 43 36 49 17 42 42 74 22 10 23 49 23 63 92 3 25 35 4 97 98 78 47 10 4 99 93 64 66 35 78 0 77 
64 66 67 67 45 73 38 92 66 27 98 29 82 74 97 96 36 14 51 65 59 3 3 38 6 99 39 22 87 29 50 28 77 0 
