0 15 34 85 38 21 67 19 90 11 52 47 20 14 95 75 19 74 33 36 4 24 14 7 42 73 28 52 2 10 32 47 76 16 56 17 88 37 38 35 68 
15 0 50 16 34 41 78 53 90 8 67 34 20 31 81 19 88 11 96 26 4 85 77 94 11 18 22 63 43 37 97 60 97 41 50 98 76 55 41 87 0 
34 50 0 74 59 23 33 9 2 68 25 49 99 89 14 1 1 63 85 48 72 59 55 71 27 22 2 18 64 2 93 77 62 66 18 48 69 43 13 47 90 
85 16 74 0 28 74 54 82 80 96 93 48 78 56 80 87 4 49 62 98 16 9 84 57 72 9 36 65 2 24 55 3 74 82 89 49 97 4 25 49 67 
38 34 59 28 0 47 53 84 11 29 12 59 70 65 2 47 94 15 17 58 21 61 86 14 99 53 0 27 1 18 45 52 8 3 54 83 34 3 46 48 24 
21 41 23 74 47 0 44 82 76 97 87 76 77 39 40 42 78 60 23 3 62 56 74 29 65 30 43 70 22 68 34 64 97 93 4 71 76 7 88 99 94 
67 78 33 54 53 44 0 74 55 4 88 16 83 79 96 33 48 66 72 86 70 75 51 67 20 69 59 99 14 16 91 29 15 29 49 48 33 91 72 15 9 
19 53 9 82 84 82 74 0 64 64 72 96 36 27 28 40 27 40 48 62 66 83 38 36 16 99 22 74 15 72 12 2 91 50 25 84 10 12 86 61 59 
90 90 2 80 11 76 55 64 0 94 92 24 8 80 65 28 18 15 36 45 26 86 25 45 78 59 20 47 63 90 20 74 5 7 60 64 96 84 62 24 82 
11 8 68 96 29 97 4 64 94 0 4 4 7 93 51 40 38 36 67 35 96 82 32 95 66 88 10 71 40 49 79 72 20 64 64 65 55 20 64 11 24 
52 67 25 93 12 87 88 72 92 4 0 99 81 3 12 38 39 54 60 13 95 84 66 16 61 80 71 89 96 40 30 65 24 52 70 95 18 50 42 76 42 
47 34 49 48 59 76 16 96 24 4 99 0 53 38 26 90 14 71 50 6 10 48 36 16 9 40 31 24 17 87 42 74 98 40 99 81 81 2 90 60 9 
20 20 99 78 70 77 83 36 8 7 81 53 0 35 95 92 21 51 57 41 37 45 74 14 76 40 81 44 51 17 98 7 32 0 54 51 58 11 23 53 89 
14 31 89 56 65 39 79 27 80 93 3 38 35 0 14 86 54 86 94 64 71 90 13 67 9 60 94 47 8 84 42 1 98 85 18 79 36 43 45 65 51 
95 81 14 80 2 40 96 28 65 51 12 26 95 14 0 20 70 97 2 18 48 31 61 58 42 20 87 79 77 81 90 62 73 11 52 70 44 39 22 68 18 
75 19 1 87 47 42 33 40 28 40 38 90 92 86 20 0 16 75 41 66 76 10 51 22 28 46 10 74 72 84 93 44 96 24 6 88 97 65 99 3 11 
19 88 1 4 94 78 48 27 18 38 39 14 21 54 70 16 0 93 30 92 27 52 20 98 66 90 90 19 47 17 64 79 34 90 23 90 17 91 35 31 38 
74 11 63 49 15 60 66 40 15 36 54 71 51 86 97 75 93 0 94 66 92 59 48 69 35 99 24 97 48 26 93 12 26 45 47 82 80 64 31 79 48 
33 96 85 62 17 23 72 48 36 67 60 50 57 94 2 41 30 94 0 13 5 36 62 58 35 63 44 83 64 23 63 85 98 98 10 15 33 37 50 48 52 
36 26 48 98 58 3 86 62 45 35 13 6 41 64 18 66 92 66 13 0 66 57 5 3 85 41 85 36 51 37 31 33 86 44 88 58 82 42 3 91 66 
4 4 72 16 21 62 70 66 26 96 95 10 37 71 48 76 27 92 5 66 0 31 6 8 22 63 83 60 80 60 51 9 59 8 82 66 40 94 78 29 9 
24 85 59 9 61 56 75 83 86 82 84 48 45 90 31 10 52 59 36 57 31 0 48 50 92 87 91 67 94 12 14 54 83 73 42 91 68 39 59 39 65 
14 77 55 84 86 74 51 38 25 32 66 36 74 13 61 51 20 48 62 5 6 48 0 37 73 53 9 58 54 24 92 29 11 93 49 61 82 23 51 92 30 
7 94 71 57 14 29 67 36 45 95 16 16 14 67 58 22 98 69 58 3 8 50 37 0 82 99 92 7 99 71 62 18 62 89 91 45 2 23 92 52 42 
42 11 27 72 99 65 20 16 78 66 61 9 76 9 42 28 66 35 35 85 22 92 73 82 0 47 93 7 3 65 82 88 97 76 86 5 58 66 26 47 65 
73 18 22 9 53 30 69 99 59 88 80 40 40 60 20 46 90 99 63 41 63 87 53 99 47 0 43 19 58 88 65 24 41 7 15 90 6 6 43 13 79 
28 22 2 36 0 43 59 22 20 10 71 31 81 94 87 10 90 24 44 85 83 91 9 92 93 43 0 45 63 60 12 30 48 78 37 27 30 25 9 55 85 
52 63 18 65 27 70 99 74 47 71 89 24 44 47 79 74 19 97 83 36 60 67 58 7 7 19 45 0 56 33 41 24 88 51 12 7 55 94 65 90 54 
2 43 64 2 1 22 14 15 63 40 96 17 51 8 77 72 47 48 64 51 80 94 54 99 3 58 63 56 0 10 1 69 25 73 26 82 29 5 27 38 73 
10 37 2 24 18 68 16 72 90 49 40 87 17 84 81 84 17 26 23 37 60 12 24 71 65 88 60 33 10 0 14 49 4 46 33 90 99 58 72 49 33 
32 97 93 55 45 34 91 12 20 79 30 42 98 42 90 93 64 93 63 31 51 14 92 62 82 65 12 41 1 14 0 96 20 42 14 75 64 44 67 93 96 
47 60 77 3 52 64 29 2 74 72 65 74 7 1 62 44 79 12 85 33 9 54 29 18 88 24 30 24 69 49 96 0 25 93 66 46 74 58 66 21 88 
76 97 62 74 8 97 15 91 5 20 24 98 32 98 73 96 34 26 98 86 59 83 11 62 97 41 48 88 25 4 20 25 0 71 59 84 7 61 24 90 31 
16 41 66 82 3 93 29 50 7 64 52 40 0 85 11 24 90 45 98 44 8 73 93 89 76 7 78 51 73 46 42 93 71 0 73 88 3 77 98 71 28 
56 50 18 89 54 4 49 25 60 64 70 99 54 18 52 6 23 47 10 88 82 42 49 91 86 15 37 12 26 33 14 66 59 73 0 76 33 84 77 65 13 
17 98 48 49 83 71 48 84 64 65 95 81 51 79 70 88 90 82 15 58 66 91 61 45 5 90 27 7 82 90 75 46 84 88 76 0 63 56 0 11 2 
88 76 69 97 34 76 33 10 96 55 18 81 58 36 44 97 17 80 33 82 40 68 82 2 58 6 30 55 29 99 64 74 7 3 33 63 0 6 60 89 7 
37 55 43 4 3 7 91 12 84 20 50 2 11 43 39 65 91 64 37 42 94 39 23 23 66 6 25 94 5 58 44 58 61 77 84 56 6 0 5 11 38 
38 41 13 25 46 88 72 86 62 64 42 90 23 45 22 99 35 31 50 3 78 59 51 92 26 43 9 65 27 72 67 66 24 98 77 0 60 5 0 89 93 
35 87 47 49 48 99 15 61 24 11 76 60 53 65 68 3 31 79 48 91 29 39 92 52 47 13 55 90 38 49 93 21 90 71 65 11 89 11 89 0 52 
68 0 90 67 24 94 9 59 82 24 42 9 89 51 18 11 38 48 52 66 9 65 30 42 65 79 85 54 73 33 96 88 31 28 13 2 7 38 93 52 0 
