0 17 23 15 90 39 96 96 59 91 75 20 47 24 41 43 86 65 83 65 16 
17 0 45 21 35 14 47 14 3 38 93 4 58 35 67 86 47 89 45 7 30 
23 45 0 98 73 55 42 75 38 88 80 70 79 97 42 72 72 15 45 96 77 
15 21 98 0 61 56 87 16 55 94 59 15 81 38 38 19 5 97 60 51 43 
90 35 73 61 0 15 2 79 56 48 83 86 81 24 88 86 34 58 59 36 51 
39 14 55 56 15 0 99 28 14 45 9 41 86 86 3 2 70 39 72 37 32 
96 47 42 87 2 99 0 2 76 44 81 24 37 15 65 1 69 97 39 39 38 
96 14 75 16 79 28 2 0 11 44 30 87 44 73 81 81 81 30 26 46 32 
59 3 38 55 56 14 76 11 0 33 28 97 73 17 54 48 73 73 33 16 7 
91 38 88 94 48 45 44 44 33 0 16 27 27 57 38 38 32 60 9 91 0 
75 93 80 59 83 9 81 30 28 16 0 80 31 4 8 10 41 98 64 53 13 
20 4 70 15 86 41 24 87 97 27 80 0 85 47 59 68 90 36 9 14 30 
47 58 79 81 81 86 37 44 73 27 31 85 0 1 3 68 61 38 34 72 2 
24 35 97 38 24 86 15 73 17 57 4 47 1 0 78 65 44 23 11 34 1 
41 67 42 38 88 3 65 81 54 38 8 59 3 78 0 25 76 57 86 36 76 
43 86 72 19 86 2 1 81 48 38 10 68 68 65 25 0 87 54 81 13 5 
86 47 72 5 34 70 69 81 73 32 41 90 61 44 76 87 0 51 90 51 45 
65 89 15 97 58 39 97 30 73 60 98 36 38 23 57 54 51 0 97 52 48 
83 45 45 60 59 72 39 26 33 9 64 9 34 11 86 81 90 97 0 46 63 
65 7 96 51 36 37 39 46 16 91 53 14 72 34 36 13 51 52 46 0 80 
16 30 77 43 51 32 38 32 7 0 13 30 2 1 76 5 45 48 63 80 0 
