0 53 41 28 92 68 57 54 61 27 39 65 91 36 18 68 99 70 10 38 45 36 50 75 42 51 68 8 91 5 39 35 59 95 3 76 67 87 95 50 74 23 31 
53 0 39 97 35 0 96 37 93 25 77 68 20 7 2 67 66 27 59 1 56 5 50 42 92 29 30 67 5 5 15 45 16 1 81 53 82 6 42 70 23 67 41 
41 39 0 87 41 71 37 32 37 89 16 72 84 78 57 14 22 60 84 28 74 31 25 34 30 92 42 68 77 87 99 26 90 11 57 21 23 82 99 30 60 99 50 
28 97 87 0 80 63 19 68 11 37 71 96 40 22 75 16 25 2 89 99 37 40 98 13 57 17 94 2 58 54 3 88 79 86 31 63 44 7 0 67 77 52 42 
92 35 41 80 0 91 16 17 83 88 94 91 55 20 4 70 90 94 39 17 67 28 7 34 8 41 80 87 23 73 92 21 84 34 20 91 25 32 62 71 13 77 8 
68 0 71 63 91 0 33 22 12 15 85 0 73 8 92 98 58 83 79 99 92 70 60 38 20 21 1 85 61 44 23 89 28 74 88 55 12 45 21 22 56 55 12 
57 96 37 19 16 33 0 32 14 16 62 11 89 63 68 17 39 83 24 65 45 22 3 73 33 57 43 29 51 11 35 89 56 8 63 24 7 47 10 89 5 7 21 
54 37 32 68 17 22 32 0 62 1 19 59 33 57 65 4 95 68 89 59 9 25 87 7 81 32 30 26 53 37 25 57 99 90 21 60 64 18 97 84 80 37 58 
61 93 37 11 83 12 14 62 0 78 49 74 30 11 96 9 19 61 73 44 50 64 73 48 83 63 17 75 0 74 63 69 41 27 78 42 15 80 40 46 21 87 23 
27 25 89 37 88 15 16 1 78 0 42 80 65 8 3 22 80 76 40 23 38 74 55 0 47 54 50 26 39 32 52 68 81 57 87 55 7 23 75 63 32 68 57 
39 77 16 71 94 85 62 19 49 42 0 66 59 84 3 34 86 19 29 40 95 63 17 44 7 56 50 73 10 55 14 21 55 25 55 66 49 43 89 88 10 48 39 
65 68 72 96 91 0 11 59 74 80 66 0 59 56 59 88 42 61 70 5 26 78 16 53 93 77 83 68 90 82 19 68 13 5 92 37 48 1 10 40 98 13 90 
91 20 84 40 55 73 89 33 30 65 59 59 0 17 77 44 57 51 91 39 5 86 9 72 66 55 63 46 10 34 57 68 20 57 60 59 84 81 74 55 16 8 58 
36 7 78 22 20 8 63 57 11 8 84 56 17 0 5 83 2 39 60 26 92 80 98 60 54 74 31 60 37 35 34 86 46 10 59 71 26 1 60 34 79 90 56 
18 2 57 75 4 92 68 65 96 3 3 59 77 5 0 3 40 38 18 72 78 56 84 75 34 86 91 46 7 83 34 98 97 33 48 7 27 45 12 11 31 32 58 
68 67 14 16 70 98 17 4 9 22 34 88 44 83 3 0 74 80 61 43 61 73 6 72 98 89 94 47 63 19 52 67 29 16 49 22 89 71 72 42 1 81 55 
99 66 22 25 90 58 39 95 19 80 86 42 57 2 40 74 0 74 4 63 70 96 7 62 76 36 41 46 30 82 16 27 12 49 62 0 83 16 63 1 77 82 3 
70 27 60 2 94 83 83 68 61 76 19 61 51 39 38 80 74 0 48 68 55 12 40 54 77 50 84 15 89 63 99 81 48 24 88 84 78 57 28 26 14 77 68 
10 59 84 89 39 79 24 89 73 40 29 70 91 60 18 61 4 48 0 90 50 4 2 45 43 66 60 6 90 3 97 67 70 78 95 6 42 24 66 26 86 84 63 
38 1 28 99 17 99 65 59 44 23 40 5 39 26 72 43 63 68 90 0 59 58 88 65 52 31 59 45 46 63 18 28 19 0 50 51 14 85 91 31 19 20 87 
45 56 74 37 67 92 45 9 50 38 95 26 5 92 78 61 70 55 50 59 0 99 63 84 67 99 29 39 3 31 97 20 2 45 33 40 52 36 42 82 11 37 45 
36 5 31 40 28 70 22 25 64 74 63 78 86 80 56 73 96 12 4 58 99 0 53 37 16 63 10 36 17 92 48 1 26 76 13 48 2 80 98 16 3 58 10 
50 50 25 98 7 60 3 87 73 55 17 16 9 98 84 6 7 40 2 88 63 53 0 39 55 23 16 28 12 51 83 72 7 81 43 1 28 10 30 2 93 64 49 
75 42 34 13 34 38 73 7 48 0 44 53 72 60 75 72 62 54 45 65 84 37 39 0 49 44 90 70 98 91 89 19 60 99 51 53 30 29 25 31 52 50 45 
42 92 30 57 8 20 33 81 83 47 7 93 66 54 34 98 76 77 43 52 67 16 55 49 0 9 77 33 9 57 97 67 70 69 96 38 89 83 54 67 68 83 2 
51 29 92 17 41 21 57 32 63 54 56 77 55 74 86 89 36 50 66 31 99 63 23 44 9 0 47 26 3 30 17 0 17 97 86 71 25 79 50 7 58 54 67 
68 30 42 94 80 1 43 30 17 50 50 83 63 31 91 94 41 84 60 59 29 10 16 90 77 47 0 27 88 30 84 32 48 20 68 1 91 24 9 19 16 96 48 
8 67 68 2 87 85 29 26 75 26 73 68 46 60 46 47 46 15 6 45 39 36 28 70 33 26 27 0 65 90 94 99 16 26 94 51 69 99 49 7 29 56 10 
91 5 77 58 23 61 51 53 0 39 10 90 10 37 7 63 30 89 90 46 3 17 12 98 9 3 88 65 0 81 26 71 70 4 47 24 36 12 30 65 71 63 42 
5 5 87 54 73 44 11 37 74 32 55 82 34 35 83 19 82 63 3 63 31 92 51 91 57 30 30 90 81 0 17 96 16 16 6 96 46 67 44 74 6 95 25 
39 15 99 3 92 23 35 25 63 52 14 19 57 34 34 52 16 99 97 18 97 48 83 89 97 17 84 94 26 17 0 51 78 73 64 35 24 9 94 59 75 76 68 
35 45 26 88 21 89 89 57 69 68 21 68 68 86 98 67 27 81 67 28 20 1 72 19 67 0 32 99 71 96 51 0 60 64 50 55 0 16 35 2 50 2 10 
59 16 90 79 84 28 56 99 41 81 55 13 20 46 97 29 12 48 70 19 2 26 7 60 70 17 48 16 70 16 78 60 0 78 33 53 46 31 4 61 25 6 24 
95 1 11 86 34 74 8 90 27 57 25 5 57 10 33 16 49 24 78 0 45 76 81 99 69 97 20 26 4 16 73 64 78 0 75 24 15 35 6 74 78 57 68 
3 81 57 31 20 88 63 21 78 87 55 92 60 59 48 49 62 88 95 50 33 13 43 51 96 86 68 94 47 6 64 50 33 75 0 98 79 74 54 51 3 78 33 
76 53 21 63 91 55 24 60 42 55 66 37 59 71 7 22 0 84 6 51 40 48 1 53 38 71 1 51 24 96 35 55 53 24 98 0 38 34 65 62 14 3 64 
67 82 23 44 25 12 7 64 15 7 49 48 84 26 27 89 83 78 42 14 52 2 28 30 89 25 91 69 36 46 24 0 46 15 79 38 0 89 33 75 78 11 43 
87 6 82 7 32 45 47 18 80 23 43 1 81 1 45 71 16 57 24 85 36 80 10 29 83 79 24 99 12 67 9 16 31 35 74 34 89 0 86 60 73 16 31 
95 42 99 0 62 21 10 97 40 75 89 10 74 60 12 72 63 28 66 91 42 98 30 25 54 50 9 49 30 44 94 35 4 6 54 65 33 86 0 22 17 96 26 
50 70 30 67 71 22 89 84 46 63 88 40 55 34 11 42 1 26 26 31 82 16 2 31 67 7 19 7 65 74 59 2 61 74 51 62 75 60 22 0 66 76 74 
74 23 60 77 13 56 5 80 21 32 10 98 16 79 31 1 77 14 86 19 11 3 93 52 68 58 16 29 71 6 75 50 25 78 3 14 78 73 17 66 0 21 92 
23 67 99 52 77 55 7 37 87 68 48 13 8 90 32 81 82 77 84 20 37 58 64 50 83 54 96 56 63 95 76 2 6 57 78 3 11 16 96 76 21 0 81 
31 41 50 42 8 12 21 58 23 57 39 90 58 56 58 55 3 68 63 87 45 10 49 45 2 67 48 10 42 25 68 10 24 68 33 64 43 31 26 74 92 81 0 
