0 40 2 32 88 37 66 71 85 68 46 40 72 75 56 90 46 71 20 10 99 53 76 
40 0 57 12 15 3 54 21 12 86 82 21 7 47 46 89 97 66 2 78 77 85 73 
2 57 0 90 80 70 28 27 90 17 40 68 47 25 41 33 49 25 92 38 91 20 86 
32 12 90 0 83 99 4 77 51 62 29 40 27 60 10 64 71 67 2 94 40 44 60 
88 15 80 83 0 58 13 64 28 93 60 34 98 58 23 75 86 87 93 24 71 6 67 
37 3 70 99 58 0 0 40 12 80 28 89 51 70 4 10 72 67 57 51 55 49 1 
66 54 28 4 13 0 0 76 58 80 95 24 14 57 79 90 66 57 46 91 18 0 71 
71 21 27 77 64 40 76 0 63 95 6 55 86 32 68 23 95 73 50 64 33 37 60 
85 12 90 51 28 12 58 63 0 76 18 84 99 88 38 99 55 79 60 50 0 60 64 
68 86 17 62 93 80 80 95 76 0 47 14 16 21 12 79 31 6 81 35 41 72 29 
46 82 40 29 60 28 95 6 18 47 0 42 34 62 43 94 67 10 26 95 1 0 40 
40 21 68 40 34 89 24 55 84 14 42 0 74 35 81 60 74 7 66 83 22 86 27 
72 7 47 27 98 51 14 86 99 16 34 74 0 76 43 37 43 21 98 1 42 93 51 
75 47 25 60 58 70 57 32 88 21 62 35 76 0 40 3 53 33 62 3 0 30 57 
56 46 41 10 23 4 79 68 38 12 43 81 43 40 0 62 71 57 48 21 79 79 27 
90 89 33 64 75 10 90 23 99 79 94 60 37 3 62 0 46 36 8 86 45 18 36 
46 97 49 71 86 72 66 95 55 31 67 74 43 53 71 46 0 49 55 15 54 52 37 
71 66 25 67 87 67 57 73 79 6 10 7 21 33 57 36 49 0 25 85 48 94 63 
20 2 92 2 93 57 46 50 60 81 26 66 98 62 48 8 55 25 0 62 63 34 91 
10 78 38 94 24 51 91 64 50 35 95 83 1 3 21 86 15 85 62 0 66 74 72 
99 77 91 40 71 55 18 33 0 41 1 22 42 0 79 45 54 48 63 66 0 54 36 
53 85 20 44 6 49 0 37 60 72 0 86 93 30 79 18 52 94 34 74 54 0 69 
76 73 86 60 67 1 71 60 64 29 40 27 51 57 27 36 37 63 91 72 36 69 0 
