0 46 20 51 20 76 16 60 45 47 88 81 96 4 19 14 58 33 13 8 46 4 96 78 87 65 32 20 98 89 8 50 76 
46 0 27 62 94 3 59 3 94 11 18 79 92 93 62 20 28 44 3 19 27 71 26 49 94 31 22 27 84 49 0 64 16 
20 27 0 85 41 80 99 46 29 50 37 99 2 88 88 47 32 48 87 45 82 91 28 54 69 40 46 43 62 58 36 44 46 
51 62 85 0 4 91 64 12 23 60 60 13 87 54 77 44 86 15 81 61 29 85 9 32 53 37 58 89 30 16 4 70 80 
20 94 41 4 0 75 24 37 83 29 95 38 89 15 10 25 60 31 29 23 9 26 88 23 87 97 12 53 85 75 57 89 99 
76 3 80 91 75 0 58 0 69 46 3 5 2 58 8 71 21 48 25 83 16 53 18 67 99 6 57 23 76 8 11 42 43 
16 59 99 64 24 58 0 4 82 3 71 59 55 37 67 55 29 6 97 85 46 4 45 95 9 64 57 72 54 63 5 36 31 
60 3 46 12 37 0 4 0 23 45 82 80 20 89 80 29 90 33 41 35 41 73 91 9 7 25 28 57 82 93 47 20 76 
45 94 29 23 83 69 82 23 0 29 95 39 97 40 67 49 15 35 18 50 24 44 36 5 3 68 18 86 22 55 90 62 98 
47 11 50 60 29 46 3 45 29 0 72 26 36 49 33 19 26 72 25 55 29 33 72 56 14 33 36 44 59 3 38 61 49 
88 18 37 60 95 3 71 82 95 72 0 32 17 86 72 23 55 1 77 84 85 25 43 77 22 67 82 99 11 76 57 19 98 
81 79 99 13 38 5 59 80 39 26 32 0 1 79 61 29 8 1 45 83 17 27 21 66 73 58 47 40 11 45 51 11 31 
96 92 2 87 89 2 55 20 97 36 17 1 0 3 67 39 91 25 19 64 42 97 7 94 12 28 36 46 93 70 74 42 15 
4 93 88 54 15 58 37 89 40 49 86 79 3 0 80 29 52 23 30 8 27 44 59 35 67 9 38 25 93 60 23 36 64 
19 62 88 77 10 8 67 80 67 33 72 61 67 80 0 20 7 33 82 9 85 73 47 65 13 67 7 23 67 81 63 11 30 
14 20 47 44 25 71 55 29 49 19 23 29 39 29 20 0 5 26 44 87 79 74 62 14 88 39 41 31 91 95 19 42 54 
58 28 32 86 60 21 29 90 15 26 55 8 91 52 7 5 0 53 78 17 49 27 30 71 90 2 53 2 64 43 2 69 77 
33 44 48 15 31 48 6 33 35 72 1 1 25 23 33 26 53 0 9 36 96 40 82 60 26 17 37 6 42 72 17 99 14 
13 3 87 81 29 25 97 41 18 25 77 45 19 30 82 44 78 9 0 72 80 77 44 16 88 41 26 49 17 22 6 35 3 
8 19 45 61 23 83 85 35 50 55 84 83 64 8 9 87 17 36 72 0 76 23 42 70 95 23 81 44 89 2 34 68 7 
46 27 82 29 9 16 46 41 24 29 85 17 42 27 85 79 49 96 80 76 0 36 14 9 72 35 36 45 33 60 73 69 53 
4 71 91 85 26 53 4 73 44 33 25 27 97 44 73 74 27 40 77 23 36 0 28 78 37 49 74 61 65 93 8 95 43 
96 26 28 9 88 18 45 91 36 72 43 21 7 59 47 62 30 82 44 42 14 28 0 13 32 95 44 58 30 33 87 49 32 
78 49 54 32 23 67 95 9 5 56 77 66 94 35 65 14 71 60 16 70 9 78 13 0 93 5 94 65 98 24 31 95 9 
87 94 69 53 87 99 9 7 3 14 22 73 12 67 13 88 90 26 88 95 72 37 32 93 0 73 84 91 74 52 15 60 27 
65 31 40 37 97 6 64 25 68 33 67 58 28 9 67 39 2 17 41 23 35 49 95 5 73 0 84 36 72 0 80 43 67 
32 22 46 58 12 57 57 28 18 36 82 47 36 38 7 41 53 37 26 81 36 74 44 94 84 84 0 22 26 75 62 32 78 
20 27 43 89 53 23 72 57 86 44 99 40 46 25 23 31 2 6 49 44 45 61 58 65 91 36 22 0 95 31 99 56 4 
98 84 62 30 85 76 54 82 22 59 11 11 93 93 67 91 64 42 17 89 33 65 30 98 74 72 26 95 0 76 7 15 62 
89 49 58 16 75 8 63 93 55 3 76 45 70 60 81 95 43 72 22 2 60 93 33 24 52 0 75 31 76 0 58 11 38 
8 0 36 4 57 11 5 47 90 38 57 51 74 23 63 19 2 17 6 34 73 8 87 31 15 80 62 99 7 58 0 8 61 
50 64 44 70 89 42 36 20 62 61 19 11 42 36 11 42 69 99 35 68 69 95 49 95 60 43 32 56 15 11 8 0 78 
76 16 46 80 99 43 31 76 98 49 98 31 15 64 30 54 77 14 3 7 53 43 32 9 27 67 78 4 62 38 61 78 0 
