0 41 25 17 77 79 81 67 7 1 4 96 78 35 65 29 67 98 73 13 57 69 31 77 51 15 10 58 23 48 6 31 23 10 35 38 40 58 2 50 
41 0 64 88 23 52 89 28 8 26 32 35 55 72 60 6 55 58 70 49 89 83 90 77 38 41 54 12 30 33 83 62 3 2 14 62 4 2 8 26 
25 64 0 58 61 73 24 64 15 76 1 55 45 44 8 76 76 52 17 30 46 23 8 50 21 42 74 42 22 24 43 22 99 45 45 49 6 60 72 99 
17 88 58 0 22 22 91 53 35 36 8 39 2 8 36 26 15 88 86 74 40 21 18 93 43 99 18 2 47 38 1 6 4 16 12 65 41 31 22 35 
77 23 61 22 0 59 18 72 5 33 35 46 50 83 89 77 42 0 64 6 82 4 93 12 83 10 20 26 98 71 18 64 13 20 64 20 4 18 18 16 
79 52 73 22 59 0 54 37 77 40 70 42 12 86 15 30 82 87 20 93 96 44 62 40 91 69 0 43 24 87 88 19 0 12 15 79 73 90 32 2 
81 89 24 91 18 54 0 98 44 90 5 83 57 13 55 0 67 90 27 20 99 83 57 19 81 39 94 36 58 46 41 5 2 78 43 26 28 44 91 89 
67 28 64 53 72 37 98 0 80 26 83 89 41 79 45 2 64 58 25 67 33 41 64 43 9 85 97 50 85 90 48 61 78 72 49 57 66 20 54 92 
7 8 15 35 5 77 44 80 0 55 87 33 46 31 74 65 59 57 79 52 51 94 8 39 76 63 16 42 24 39 72 10 90 25 96 73 74 78 52 30 
1 26 76 36 33 40 90 26 55 0 57 29 67 58 95 83 5 39 1 46 61 75 99 65 53 88 46 75 46 12 76 89 61 13 40 89 76 0 46 42 
4 32 1 8 35 70 5 83 87 57 0 11 78 85 82 31 51 71 88 37 62 70 83 48 98 3 3 39 65 17 55 14 52 37 91 80 15 53 20 95 
96 35 55 39 46 42 83 89 33 29 11 0 85 60 22 74 71 55 11 47 26 38 63 21 84 59 92 51 82 96 23 63 40 32 88 88 65 47 80 66 
78 55 45 2 50 12 57 41 46 67 78 85 0 73 95 33 61 9 4 0 40 78 65 6 35 90 69 72 62 20 3 14 88 63 41 26 33 10 81 7 
35 72 44 8 83 86 13 79 31 58 85 60 73 0 39 75 55 77 83 51 91 96 6 7 43 34 62 13 77 17 56 52 47 58 71 61 88 99 86 15 
65 60 8 36 89 15 55 45 74 95 82 22 95 39 0 46 44 24 40 66 23 77 91 8 41 10 37 41 77 10 35 92 8 99 65 32 75 4 95 20 
29 6 76 26 77 30 0 2 65 83 31 74 33 75 46 0 82 29 9 64 21 89 72 24 65 25 88 55 32 85 25 34 86 64 75 9 85 93 82 99 
67 55 76 15 42 82 67 64 59 5 51 71 61 55 44 82 0 68 8 58 93 60 8 60 64 59 59 30 32 39 25 82 38 20 31 91 2 26 51 7 
98 58 52 88 0 87 90 58 57 39 71 55 9 77 24 29 68 0 46 42 0 89 42 46 59 51 96 52 33 24 34 84 73 41 68 31 42 65 32 61 
73 70 17 86 64 20 27 25 79 1 88 11 4 83 40 9 8 46 0 70 76 4 14 47 64 33 25 31 31 3 81 75 50 10 2 52 39 20 36 93 
13 49 30 74 6 93 20 67 52 46 37 47 0 51 66 64 58 42 70 0 67 89 67 85 69 59 24 54 98 12 99 48 22 58 10 52 1 38 69 93 
57 89 46 40 82 96 99 33 51 61 62 26 40 91 23 21 93 0 76 67 0 61 13 56 88 84 75 16 88 49 66 49 28 86 99 18 54 81 1 22 
69 83 23 21 4 44 83 41 94 75 70 38 78 96 77 89 60 89 4 89 61 0 90 34 79 90 55 81 49 53 90 9 63 83 77 84 40 19 15 82 
31 90 8 18 93 62 57 64 8 99 83 63 65 6 91 72 8 42 14 67 13 90 0 21 16 39 29 34 39 75 51 92 60 78 36 98 66 58 71 50 
77 77 50 93 12 40 19 43 39 65 48 21 6 7 8 24 60 46 47 85 56 34 21 0 8 19 8 28 63 99 91 84 46 11 36 97 26 58 47 42 
51 38 21 43 83 91 81 9 76 53 98 84 35 43 41 65 64 59 64 69 88 79 16 8 0 54 65 8 77 66 74 17 76 80 43 23 11 44 71 97 
15 41 42 99 10 69 39 85 63 88 3 59 90 34 10 25 59 51 33 59 84 90 39 19 54 0 33 19 41 15 23 55 13 49 91 90 87 6 2 28 
10 54 74 18 20 0 94 97 16 46 3 92 69 62 37 88 59 96 25 24 75 55 29 8 65 33 0 87 48 12 30 38 61 98 77 72 3 34 60 27 
58 12 42 2 26 43 36 50 42 75 39 51 72 13 41 55 30 52 31 54 16 81 34 28 8 19 87 0 5 79 40 89 90 48 98 27 3 74 74 28 
23 30 22 47 98 24 58 85 24 46 65 82 62 77 77 32 32 33 31 98 88 49 39 63 77 41 48 5 0 41 38 99 77 21 10 66 90 98 16 97 
48 33 24 38 71 87 46 90 39 12 17 96 20 17 10 85 39 24 3 12 49 53 75 99 66 15 12 79 41 0 66 65 69 41 89 66 43 71 56 62 
6 83 43 1 18 88 41 48 72 76 55 23 3 56 35 25 25 34 81 99 66 90 51 91 74 23 30 40 38 66 0 50 13 31 5 78 9 94 80 78 
31 62 22 6 64 19 5 61 10 89 14 63 14 52 92 34 82 84 75 48 49 9 92 84 17 55 38 89 99 65 50 0 16 73 25 74 29 29 62 70 
23 3 99 4 13 0 2 78 90 61 52 40 88 47 8 86 38 73 50 22 28 63 60 46 76 13 61 90 77 69 13 16 0 47 56 99 34 77 6 23 
10 2 45 16 20 12 78 72 25 13 37 32 63 58 99 64 20 41 10 58 86 83 78 11 80 49 98 48 21 41 31 73 47 0 82 94 26 75 19 58 
35 14 45 12 64 15 43 49 96 40 91 88 41 71 65 75 31 68 2 10 99 77 36 36 43 91 77 98 10 89 5 25 56 82 0 24 23 81 20 69 
38 62 49 65 20 79 26 57 73 89 80 88 26 61 32 9 91 31 52 52 18 84 98 97 23 90 72 27 66 66 78 74 99 94 24 0 5 25 40 10 
40 4 6 41 4 73 28 66 74 76 15 65 33 88 75 85 2 42 39 1 54 40 66 26 11 87 3 3 90 43 9 29 34 26 23 5 0 88 98 20 
58 2 60 31 18 90 44 20 78 0 53 47 10 99 4 93 26 65 20 38 81 19 58 58 44 6 34 74 98 71 94 29 77 75 81 25 88 0 43 79 
2 8 72 22 18 32 91 54 52 46 20 80 81 86 95 82 51 32 36 69 1 15 71 47 71 2 60 74 16 56 80 62 6 19 20 40 98 43 0 39 
50 26 99 35 16 2 89 92 30 42 95 66 7 15 20 99 7 61 93 93 22 82 50 42 97 28 27 28 97 62 78 70 23 58 69 10 20 79 39 0 
