0 22 60 94 50 57 53 34 77 60 53 12 99 69 20 25 14 14 95 49 9 49 32 58 5 97 81 68 21 43 68 13 26 36 85 10 49 14 56 
22 0 36 70 71 37 97 38 1 70 68 79 0 92 60 74 30 46 85 75 8 16 45 86 55 72 29 63 22 11 0 11 3 78 66 89 22 59 90 
60 36 0 56 54 36 15 27 99 72 96 94 0 98 50 67 33 34 75 40 6 42 88 32 91 18 50 92 13 68 70 37 66 32 19 88 36 67 26 
94 70 56 0 6 51 79 0 74 61 47 76 88 21 33 47 41 16 42 61 77 88 86 54 17 22 81 42 35 78 34 64 71 39 82 17 80 62 97 
50 71 54 6 0 85 7 28 78 51 44 11 64 1 28 1 5 36 16 45 82 21 20 40 2 58 50 91 90 92 46 39 86 41 12 65 37 51 90 
57 37 36 51 85 0 73 45 35 92 28 98 97 33 93 75 85 42 65 32 51 23 33 74 0 44 45 52 88 18 44 74 61 6 47 81 94 58 76 
53 97 15 79 7 73 0 71 65 84 63 33 67 88 52 51 64 86 84 2 52 45 67 50 14 79 31 4 12 53 70 99 49 36 22 31 65 18 37 
34 38 27 0 28 45 71 0 38 8 71 73 39 82 53 66 9 26 54 31 74 71 78 88 65 55 15 5 5 56 33 41 12 57 44 26 93 70 32 
77 1 99 74 78 35 65 38 0 56 94 16 58 25 17 15 89 11 61 74 47 54 34 89 98 18 59 7 5 28 57 28 5 37 33 90 59 80 45 
60 70 72 61 51 92 84 8 56 0 51 24 77 67 61 20 32 79 38 74 48 96 97 85 24 43 98 13 91 85 3 17 4 15 87 54 15 43 7 
53 68 96 47 44 28 63 71 94 51 0 44 95 0 41 80 96 14 48 22 45 89 7 6 59 14 14 91 98 86 70 7 53 74 62 14 72 18 98 
12 79 94 76 11 98 33 73 16 24 44 0 78 65 85 76 24 56 6 27 58 82 99 88 44 69 99 93 20 97 30 64 50 31 29 97 5 51 63 
99 0 0 88 64 97 67 39 58 77 95 78 0 76 74 53 68 89 66 48 11 58 27 54 79 47 52 65 96 45 10 32 61 77 92 58 28 30 57 
69 92 98 21 1 33 88 82 25 67 0 65 76 0 88 85 58 74 76 51 73 50 62 59 44 7 28 30 96 0 38 35 31 36 34 36 76 79 41 
20 60 50 33 28 93 52 53 17 61 41 85 74 88 0 15 84 82 27 5 61 1 96 21 46 86 74 62 66 25 0 40 22 68 14 50 26 64 76 
25 74 67 47 1 75 51 66 15 20 80 76 53 85 15 0 42 88 9 57 56 0 79 88 85 59 91 82 28 63 98 56 19 85 77 84 81 86 13 
14 30 33 41 5 85 64 9 89 32 96 24 68 58 84 42 0 82 55 28 81 60 13 5 75 75 92 2 71 99 10 93 68 42 58 29 49 36 89 
14 46 34 16 36 42 86 26 11 79 14 56 89 74 82 88 82 0 79 80 39 42 7 67 94 43 5 95 1 12 70 86 32 94 39 20 64 16 80 
95 85 75 42 16 65 84 54 61 38 48 6 66 76 27 9 55 79 0 42 30 30 3 72 83 72 12 2 38 65 26 14 50 38 59 76 47 17 88 
49 75 40 61 45 32 2 31 74 74 22 27 48 51 5 57 28 80 42 0 58 44 43 40 39 12 30 10 36 86 92 4 75 71 34 79 56 26 29 
9 8 6 77 82 51 52 74 47 48 45 58 11 73 61 56 81 39 30 58 0 25 5 46 67 50 65 72 70 74 41 93 70 26 23 76 80 97 21 
49 16 42 88 21 23 45 71 54 96 89 82 58 50 1 0 60 42 30 44 25 0 38 3 78 98 53 38 16 52 23 9 44 31 8 74 12 98 78 
32 45 88 86 20 33 67 78 34 97 7 99 27 62 96 79 13 7 3 43 5 38 0 24 57 88 78 11 92 92 47 30 63 62 77 43 39 2 24 
58 86 32 54 40 74 50 88 89 85 6 88 54 59 21 88 5 67 72 40 46 3 24 0 37 33 48 63 88 97 75 44 64 54 86 28 52 41 37 
5 55 91 17 2 0 14 65 98 24 59 44 79 44 46 85 75 94 83 39 67 78 57 37 0 64 63 74 12 59 34 57 75 97 94 55 62 10 71 
97 72 18 22 58 44 79 55 18 43 14 69 47 7 86 59 75 43 72 12 50 98 88 33 64 0 92 88 64 50 93 16 77 20 50 43 15 81 26 
81 29 50 81 50 45 31 15 59 98 14 99 52 28 74 91 92 5 12 30 65 53 78 48 63 92 0 1 23 73 76 22 50 57 38 53 52 53 85 
68 63 92 42 91 52 4 5 7 13 91 93 65 30 62 82 2 95 2 10 72 38 11 63 74 88 1 0 33 19 17 55 40 91 30 17 90 68 69 
21 22 13 35 90 88 12 5 5 91 98 20 96 96 66 28 71 1 38 36 70 16 92 88 12 64 23 33 0 73 6 53 7 21 80 37 24 87 31 
43 11 68 78 92 18 53 56 28 85 86 97 45 0 25 63 99 12 65 86 74 52 92 97 59 50 73 19 73 0 52 2 36 10 35 77 72 30 57 
68 0 70 34 46 44 70 33 57 3 70 30 10 38 0 98 10 70 26 92 41 23 47 75 34 93 76 17 6 52 0 21 27 30 81 52 46 84 61 
13 11 37 64 39 74 99 41 28 17 7 64 32 35 40 56 93 86 14 4 93 9 30 44 57 16 22 55 53 2 21 0 50 33 36 86 71 74 71 
26 3 66 71 86 61 49 12 5 4 53 50 61 31 22 19 68 32 50 75 70 44 63 64 75 77 50 40 7 36 27 50 0 55 69 0 34 72 39 
36 78 32 39 41 6 36 57 37 15 74 31 77 36 68 85 42 94 38 71 26 31 62 54 97 20 57 91 21 10 30 33 55 0 93 5 96 83 10 
85 66 19 82 12 47 22 44 33 87 62 29 92 34 14 77 58 39 59 34 23 8 77 86 94 50 38 30 80 35 81 36 69 93 0 39 18 7 68 
10 89 88 17 65 81 31 26 90 54 14 97 58 36 50 84 29 20 76 79 76 74 43 28 55 43 53 17 37 77 52 86 0 5 39 0 0 53 66 
49 22 36 80 37 94 65 93 59 15 72 5 28 76 26 81 49 64 47 56 80 12 39 52 62 15 52 90 24 72 46 71 34 96 18 0 0 60 95 
14 59 67 62 51 58 18 70 80 43 18 51 30 79 64 86 36 16 17 26 97 98 2 41 10 81 53 68 87 30 84 74 72 83 7 53 60 0 15 
56 90 26 97 90 76 37 32 45 7 98 63 57 41 76 13 89 80 88 29 21 78 24 37 71 26 85 69 31 57 61 71 39 10 68 66 95 15 0 
