0 31 73 74 29 39 10 42 23 41 70 62 74 61 37 52 78 79 49 53 9 59 34 43 33 79 35 86 66 21 5 39 86 52 69 79 
31 0 47 86 36 62 39 50 56 75 16 7 2 52 31 9 21 40 79 14 49 81 52 30 63 45 74 84 17 61 36 80 33 93 13 57 
73 47 0 41 87 79 64 59 54 58 80 11 7 28 37 2 70 15 91 60 63 41 52 83 45 81 30 11 85 85 32 78 0 44 85 89 
74 86 41 0 34 41 38 48 47 78 17 95 80 29 50 82 83 50 51 5 4 42 16 89 44 19 0 26 89 52 0 98 96 63 93 59 
29 36 87 34 0 91 58 86 73 9 24 60 63 11 50 61 68 19 75 12 18 5 88 51 23 15 48 17 76 61 96 43 71 13 59 21 
39 62 79 41 91 0 44 45 2 2 64 14 51 67 87 25 75 14 28 38 50 16 3 14 67 21 40 3 42 29 7 86 7 54 44 90 
10 39 64 38 58 44 0 39 58 19 56 85 7 4 13 3 17 22 50 40 69 23 0 4 10 86 33 27 50 76 42 42 76 47 79 47 
42 50 59 48 86 45 39 0 85 1 13 96 2 69 1 47 60 97 74 65 71 49 17 89 13 83 21 64 67 5 37 40 5 19 73 34 
23 56 54 47 73 2 58 85 0 51 5 73 17 36 78 5 52 91 18 16 48 27 95 65 44 15 11 19 42 39 86 45 79 81 92 76 
41 75 58 78 9 2 19 1 51 0 70 0 21 9 81 41 97 27 5 99 43 27 18 77 97 64 12 94 35 34 85 20 26 83 94 67 
70 16 80 17 24 64 56 13 5 70 0 75 96 68 46 88 34 29 33 91 8 76 46 35 14 59 81 72 33 40 42 80 50 55 18 83 
62 7 11 95 60 14 85 96 73 0 75 0 57 2 26 15 22 75 69 30 34 67 54 49 84 48 89 47 40 66 6 34 38 15 71 10 
74 2 7 80 63 51 7 2 17 21 96 57 0 92 42 12 44 21 8 30 73 50 10 2 97 43 79 33 83 3 97 23 27 50 97 15 
61 52 28 29 11 67 4 69 36 9 68 2 92 0 27 67 44 74 3 38 25 37 56 16 36 95 64 82 21 80 72 5 15 67 10 79 
37 31 37 50 50 87 13 1 78 81 46 26 42 27 0 72 50 22 75 77 15 5 95 38 25 90 63 89 17 69 63 1 71 81 81 51 
52 9 2 82 61 25 3 47 5 41 88 15 12 67 72 0 29 10 89 64 10 40 70 45 97 79 77 56 25 56 38 20 69 60 39 8 
78 21 70 83 68 75 17 60 52 97 34 22 44 44 50 29 0 81 24 42 5 63 70 32 11 57 60 27 30 56 42 76 50 53 37 13 
79 40 15 50 19 14 22 97 91 27 29 75 21 74 22 10 81 0 60 45 52 78 68 14 63 40 13 66 56 56 80 68 70 94 93 65 
49 79 91 51 75 28 50 74 18 5 33 69 8 3 75 89 24 60 0 51 69 30 42 82 6 18 51 22 18 23 45 64 38 81 77 60 
53 14 60 5 12 38 40 65 16 99 91 30 30 38 77 64 42 45 51 0 34 92 77 41 58 32 72 92 11 32 38 14 49 64 66 55 
9 49 63 4 18 50 69 71 48 43 8 34 73 25 15 10 5 52 69 34 0 83 12 87 52 35 2 18 32 97 52 94 91 77 68 55 
59 81 41 42 5 16 23 49 27 27 76 67 50 37 5 40 63 78 30 92 83 0 31 15 28 77 53 78 46 17 17 74 25 94 90 29 
34 52 52 16 88 3 0 17 95 18 46 54 10 56 95 70 70 68 42 77 12 31 0 55 38 8 50 43 52 83 12 43 66 4 13 47 
43 30 83 89 51 14 4 89 65 77 35 49 2 16 38 45 32 14 82 41 87 15 55 0 99 80 74 91 63 15 76 8 32 67 25 54 
33 63 45 44 23 67 10 13 44 97 14 84 97 36 25 97 11 63 6 58 52 28 38 99 0 41 46 61 71 6 60 65 69 70 75 1 
79 45 81 19 15 21 86 83 15 64 59 48 43 95 90 79 57 40 18 32 35 77 8 80 41 0 29 81 1 38 8 74 36 91 32 6 
35 74 30 0 48 40 33 21 11 12 81 89 79 64 63 77 60 13 51 72 2 53 50 74 46 29 0 2 17 89 15 94 31 52 8 51 
86 84 11 26 17 3 27 64 19 94 72 47 33 82 89 56 27 66 22 92 18 78 43 91 61 81 2 0 20 53 22 12 19 50 96 18 
66 17 85 89 76 42 50 67 42 35 33 40 83 21 17 25 30 56 18 11 32 46 52 63 71 1 17 20 0 97 78 60 3 29 32 61 
21 61 85 52 61 29 76 5 39 34 40 66 3 80 69 56 56 56 23 32 97 17 83 15 6 38 89 53 97 0 64 54 53 50 58 11 
5 36 32 0 96 7 42 37 86 85 42 6 97 72 63 38 42 80 45 38 52 17 12 76 60 8 15 22 78 64 0 89 97 81 47 87 
39 80 78 98 43 86 42 40 45 20 80 34 23 5 1 20 76 68 64 14 94 74 43 8 65 74 94 12 60 54 89 0 53 25 64 71 
86 33 0 96 71 7 76 5 79 26 50 38 27 15 71 69 50 70 38 49 91 25 66 32 69 36 31 19 3 53 97 53 0 73 50 97 
52 93 44 63 13 54 47 19 81 83 55 15 50 67 81 60 53 94 81 64 77 94 4 67 70 91 52 50 29 50 81 25 73 0 2 38 
69 13 85 93 59 44 79 73 92 94 18 71 97 10 81 39 37 93 77 66 68 90 13 25 75 32 8 96 32 58 47 64 50 2 0 87 
79 57 89 59 21 90 47 34 76 67 83 10 15 79 51 8 13 65 60 55 55 29 47 54 1 6 51 18 61 11 87 71 97 38 87 0 
