0 55 44 40 11 11 96 36 21 41 22 38 14 79 7 16 73 82 16 27 75 16 32 10 97 4 20 97 38 70 83 5 76 34 26 95 18 27 89 70 31 37 90 98 
55 0 73 40 62 39 5 96 47 39 76 50 63 68 8 33 92 78 50 33 96 61 95 57 75 76 9 48 91 48 72 27 48 29 98 86 78 20 28 53 13 90 59 74 
44 73 0 87 93 24 12 0 35 64 76 23 56 44 64 97 18 93 28 9 81 3 69 79 73 32 94 49 55 88 63 56 0 40 60 83 5 12 86 87 72 74 61 40 
40 40 87 0 48 15 54 63 21 81 22 97 99 86 28 43 68 27 7 16 9 7 34 30 21 36 57 72 74 74 59 78 13 16 86 10 45 79 88 61 72 93 35 72 
11 62 93 48 0 2 71 3 5 85 92 77 79 54 78 56 41 76 2 44 58 5 68 74 11 7 81 95 78 46 50 94 12 41 10 65 33 67 23 16 7 92 66 36 
11 39 24 15 2 0 29 81 77 23 19 27 59 85 12 21 75 37 96 68 65 42 0 76 31 48 26 23 75 47 78 62 91 37 91 76 21 89 31 78 45 32 47 41 
96 5 12 54 71 29 0 58 93 47 31 80 38 55 77 81 33 15 31 5 5 1 6 93 61 16 74 41 11 92 47 98 59 53 30 88 63 41 2 39 79 59 10 25 
36 96 0 63 3 81 58 0 90 82 35 76 43 24 1 42 10 40 18 71 19 86 56 14 26 38 24 16 90 74 73 94 8 18 78 59 27 39 76 59 25 40 8 26 
21 47 35 21 5 77 93 90 0 32 42 57 96 48 14 71 13 50 14 71 86 14 85 19 12 91 23 30 89 10 56 65 9 57 32 57 38 78 73 85 96 41 59 13 
41 39 64 81 85 23 47 82 32 0 88 76 62 65 24 17 37 63 1 18 85 56 13 60 84 10 76 98 17 43 82 98 26 66 25 14 14 39 18 13 32 69 62 61 
22 76 76 22 92 19 31 35 42 88 0 49 4 28 41 58 26 6 79 58 35 36 47 12 16 35 24 52 20 53 57 80 19 38 65 45 24 26 12 88 6 39 33 48 
38 50 23 97 77 27 80 76 57 76 49 0 16 23 88 62 85 67 37 37 76 64 64 96 85 5 92 49 24 14 7 39 55 60 19 68 94 66 75 45 64 72 90 16 
14 63 56 99 79 59 38 43 96 62 4 16 0 77 11 84 25 99 75 12 69 59 5 25 79 28 71 2 0 35 34 6 43 50 34 68 66 55 82 36 4 58 76 86 
79 68 44 86 54 85 55 24 48 65 28 23 77 0 36 63 80 32 30 65 89 84 45 4 28 28 42 10 98 73 85 26 0 96 51 41 26 71 71 37 85 49 53 68 
7 8 64 28 78 12 77 1 14 24 41 88 11 36 0 6 53 15 26 29 5 74 38 22 20 79 31 28 24 77 70 28 98 25 23 65 20 88 80 22 58 47 46 87 
16 33 97 43 56 21 81 42 71 17 58 62 84 63 6 0 34 99 59 82 29 51 15 62 2 29 4 63 41 67 76 70 46 40 37 74 57 14 99 0 34 85 6 95 
73 92 18 68 41 75 33 10 13 37 26 85 25 80 53 34 0 99 54 0 57 25 63 87 87 92 84 68 48 59 2 83 82 87 43 27 13 17 78 34 68 78 18 30 
82 78 93 27 76 37 15 40 50 63 6 67 99 32 15 99 99 0 5 39 51 44 1 86 28 73 22 24 88 19 71 11 80 54 58 4 94 16 84 13 73 12 17 77 
16 50 28 7 2 96 31 18 14 1 79 37 75 30 26 59 54 5 0 0 30 18 48 0 60 53 86 90 89 96 53 66 87 19 74 23 8 48 22 24 81 29 38 57 
27 33 9 16 44 68 5 71 71 18 58 37 12 65 29 82 0 39 0 0 38 49 53 43 75 71 94 57 81 56 25 44 14 55 63 42 33 44 70 3 65 75 88 76 
75 96 81 9 58 65 5 19 86 85 35 76 69 89 5 29 57 51 30 38 0 21 64 37 97 42 92 72 3 2 45 97 23 88 50 69 34 10 94 99 98 94 76 23 
16 61 3 7 5 42 1 86 14 56 36 64 59 84 74 51 25 44 18 49 21 0 26 6 21 90 43 19 94 73 74 19 21 3 38 51 31 46 62 8 8 50 48 48 
32 95 69 34 68 0 6 56 85 13 47 64 5 45 38 15 63 1 48 53 64 26 0 14 0 91 37 99 50 79 45 75 13 11 1 87 41 62 12 21 45 55 49 48 
10 57 79 30 74 76 93 14 19 60 12 96 25 4 22 62 87 86 0 43 37 6 14 0 85 51 6 7 88 37 51 30 44 6 77 24 38 99 47 41 80 97 36 92 
97 75 73 21 11 31 61 26 12 84 16 85 79 28 20 2 87 28 60 75 97 21 0 85 0 61 68 9 38 87 28 2 55 24 16 36 93 59 28 29 15 31 62 84 
4 76 32 36 7 48 16 38 91 10 35 5 28 28 79 29 92 73 53 71 42 90 91 51 61 0 10 22 89 96 84 24 68 52 14 43 26 5 12 71 82 96 77 95 
20 9 94 57 81 26 74 24 23 76 24 92 71 42 31 4 84 22 86 94 92 43 37 6 68 10 0 13 48 57 51 96 79 12 9 77 5 51 86 6 26 30 62 34 
97 48 49 72 95 23 41 16 30 98 52 49 2 10 28 63 68 24 90 57 72 19 99 7 9 22 13 0 2 81 12 75 39 68 89 5 10 7 8 17 70 78 95 22 
38 91 55 74 78 75 11 90 89 17 20 24 0 98 24 41 48 88 89 81 3 94 50 88 38 89 48 2 0 62 38 16 49 51 17 39 55 91 20 45 25 1 72 30 
70 48 88 74 46 47 92 74 10 43 53 14 35 73 77 67 59 19 96 56 2 73 79 37 87 96 57 81 62 0 35 65 75 89 11 73 13 0 2 33 35 95 49 80 
83 72 63 59 50 78 47 73 56 82 57 7 34 85 70 76 2 71 53 25 45 74 45 51 28 84 51 12 38 35 0 91 21 49 24 98 46 67 68 88 16 64 61 42 
5 27 56 78 94 62 98 94 65 98 80 39 6 26 28 70 83 11 66 44 97 19 75 30 2 24 96 75 16 65 91 0 45 74 30 77 99 66 46 6 39 22 29 58 
76 48 0 13 12 91 59 8 9 26 19 55 43 0 98 46 82 80 87 14 23 21 13 44 55 68 79 39 49 75 21 45 0 28 65 88 10 16 17 65 25 73 28 30 
34 29 40 16 41 37 53 18 57 66 38 60 50 96 25 40 87 54 19 55 88 3 11 6 24 52 12 68 51 89 49 74 28 0 62 34 56 33 84 97 66 33 4 45 
26 98 60 86 10 91 30 78 32 25 65 19 34 51 23 37 43 58 74 63 50 38 1 77 16 14 9 89 17 11 24 30 65 62 0 2 73 90 89 82 62 35 23 12 
95 86 83 10 65 76 88 59 57 14 45 68 68 41 65 74 27 4 23 42 69 51 87 24 36 43 77 5 39 73 98 77 88 34 2 0 76 91 87 66 73 0 20 21 
18 78 5 45 33 21 63 27 38 14 24 94 66 26 20 57 13 94 8 33 34 31 41 38 93 26 5 10 55 13 46 99 10 56 73 76 0 46 53 33 82 67 85 18 
27 20 12 79 67 89 41 39 78 39 26 66 55 71 88 14 17 16 48 44 10 46 62 99 59 5 51 7 91 0 67 66 16 33 90 91 46 0 66 74 67 46 80 86 
89 28 86 88 23 31 2 76 73 18 12 75 82 71 80 99 78 84 22 70 94 62 12 47 28 12 86 8 20 2 68 46 17 84 89 87 53 66 0 22 17 13 97 33 
70 53 87 61 16 78 39 59 85 13 88 45 36 37 22 0 34 13 24 3 99 8 21 41 29 71 6 17 45 33 88 6 65 97 82 66 33 74 22 0 23 19 35 10 
31 13 72 72 7 45 79 25 96 32 6 64 4 85 58 34 68 73 81 65 98 8 45 80 15 82 26 70 25 35 16 39 25 66 62 73 82 67 17 23 0 12 3 97 
37 90 74 93 92 32 59 40 41 69 39 72 58 49 47 85 78 12 29 75 94 50 55 97 31 96 30 78 1 95 64 22 73 33 35 0 67 46 13 19 12 0 4 31 
90 59 61 35 66 47 10 8 59 62 33 90 76 53 46 6 18 17 38 88 76 48 49 36 62 77 62 95 72 49 61 29 28 4 23 20 85 80 97 35 3 4 0 66 
98 74 40 72 36 41 25 26 13 61 48 16 86 68 87 95 30 77 57 76 23 48 48 92 84 95 34 22 30 80 42 58 30 45 12 21 18 86 33 10 97 31 66 0 
