0 41 31 13 80 3 98 52 15 18 37 65 73 53 28 5 50 38 37 17 82 58 0 69 38 85 19 54 
41 0 37 82 80 45 34 82 44 62 2 61 73 88 10 69 32 12 44 3 16 6 75 50 71 57 60 67 
31 37 0 24 30 19 31 6 59 35 19 12 95 95 61 28 94 78 57 87 59 90 31 44 89 89 25 37 
13 82 24 0 46 25 26 91 73 59 41 72 56 3 87 80 2 6 7 61 58 40 47 81 83 16 65 87 
80 80 30 46 0 29 99 98 29 81 70 4 96 58 65 54 65 28 58 59 89 98 85 76 49 45 34 24 
3 45 19 25 29 0 76 31 24 84 5 62 37 32 9 96 84 95 30 76 94 18 15 68 71 52 85 64 
98 34 31 26 99 76 0 5 11 42 96 95 35 4 61 51 4 28 40 12 51 50 6 67 94 90 54 14 
52 82 6 91 98 31 5 0 92 97 2 66 68 14 14 46 41 58 79 60 20 55 42 46 4 2 41 69 
15 44 59 73 29 24 11 92 0 86 30 71 72 36 42 81 36 31 29 86 25 69 16 31 92 98 68 0 
18 62 35 59 81 84 42 97 86 0 51 36 78 82 23 6 9 41 33 2 56 19 17 30 53 20 47 28 
37 2 19 41 70 5 96 2 30 51 0 70 69 7 18 14 40 64 62 84 66 30 72 25 20 58 38 80 
65 61 12 72 4 62 95 66 71 36 70 0 44 95 69 43 24 34 85 32 21 1 59 2 1 50 75 14 
73 73 95 56 96 37 35 68 72 78 69 44 0 79 12 33 90 85 60 85 93 20 94 11 62 56 18 74 
53 88 95 3 58 32 4 14 36 82 7 95 79 0 31 63 82 29 66 63 94 54 35 84 75 39 36 0 
28 10 61 87 65 9 61 14 42 23 18 69 12 31 0 5 60 54 67 91 39 81 80 93 29 48 21 18 
5 69 28 80 54 96 51 46 81 6 14 43 33 63 5 0 65 70 7 48 6 53 97 74 14 9 15 92 
50 32 94 2 65 84 4 41 36 9 40 24 90 82 60 65 0 29 73 92 82 61 51 41 47 99 98 89 
38 12 78 6 28 95 28 58 31 41 64 34 85 29 54 70 29 0 57 40 14 89 78 76 7 93 57 7 
37 44 57 7 58 30 40 79 29 33 62 85 60 66 67 7 73 57 0 1 49 92 82 20 11 6 20 69 
17 3 87 61 59 76 12 60 86 2 84 32 85 63 91 48 92 40 1 0 51 13 21 22 21 2 93 72 
82 16 59 58 89 94 51 20 25 56 66 21 93 94 39 6 82 14 49 51 0 6 29 46 78 88 72 96 
58 6 90 40 98 18 50 55 69 19 30 1 20 54 81 53 61 89 92 13 6 0 5 20 20 34 2 72 
0 75 31 47 85 15 6 42 16 17 72 59 94 35 80 97 51 78 82 21 29 5 0 11 62 32 99 85 
69 50 44 81 76 68 67 46 31 30 25 2 11 84 93 74 41 76 20 22 46 20 11 0 43 53 33 14 
38 71 89 83 49 71 94 4 92 53 20 1 62 75 29 14 47 7 11 21 78 20 62 43 0 71 12 55 
85 57 89 16 45 52 90 2 98 20 58 50 56 39 48 9 99 93 6 2 88 34 32 53 71 0 65 47 
19 60 25 65 34 85 54 41 68 47 38 75 18 36 21 15 98 57 20 93 72 2 99 33 12 65 0 14 
54 67 37 87 24 64 14 69 0 28 80 14 74 0 18 92 89 7 69 72 96 72 85 14 55 47 14 0 
