0 97 9 66 43 14 77 65 53 46 87 59 75 64 48 66 34 62 50 46 58 19 31 68 1 18 23 14 33 9 30 20 91 22 94 32 91 18 19 13 28 61 
97 0 26 81 8 98 32 82 5 48 86 52 51 9 35 86 18 59 90 95 77 8 13 44 81 45 71 44 16 20 98 47 49 77 58 55 76 8 31 88 75 48 
9 26 0 81 27 1 0 65 12 4 11 20 30 6 14 88 85 96 67 17 98 2 53 5 45 76 51 31 92 55 6 55 64 9 26 83 27 25 88 30 69 90 
66 81 81 0 59 73 7 15 41 83 73 93 58 47 60 22 65 53 89 37 14 30 49 68 67 45 22 57 87 58 75 25 89 55 5 63 67 82 89 45 70 73 
43 8 27 59 0 6 30 13 97 28 8 47 86 86 36 7 82 34 11 21 49 83 16 78 36 28 5 95 33 68 33 46 6 38 27 26 56 43 32 21 24 74 
14 98 1 73 6 0 3 21 44 64 98 53 7 46 21 79 66 33 71 19 88 81 1 41 95 46 23 20 89 83 70 63 86 88 84 69 74 67 67 42 47 75 
77 32 0 7 30 3 0 85 56 33 83 86 68 34 54 36 67 19 71 63 17 4 67 81 29 68 31 57 53 39 9 16 22 61 67 1 69 62 76 38 29 81 
65 82 65 15 13 21 85 0 90 53 53 15 69 41 65 55 58 34 81 91 88 79 74 46 12 5 98 17 87 62 67 17 90 69 96 18 54 70 95 70 46 18 
53 5 12 41 97 44 56 90 0 63 82 58 64 38 50 94 72 75 73 44 76 51 95 35 13 69 34 92 56 28 52 47 42 93 15 84 19 31 0 9 67 40 
46 48 4 83 28 64 33 53 63 0 59 61 59 1 71 30 73 93 86 98 18 83 75 19 82 86 7 10 64 18 36 63 1 57 73 96 35 72 4 15 53 13 
87 86 11 73 8 98 83 53 82 59 0 9 26 84 74 63 10 6 44 77 0 64 86 11 29 32 76 52 92 40 44 40 22 49 52 23 9 12 22 77 90 27 
59 52 20 93 47 53 86 15 58 61 9 0 46 73 54 13 78 97 8 67 28 52 77 74 32 94 49 66 69 13 82 78 3 53 71 31 71 7 23 48 6 63 
75 51 30 58 86 7 68 69 64 59 26 46 0 4 46 75 7 43 52 5 81 34 11 45 65 58 52 58 56 6 8 11 29 96 33 38 49 75 82 99 51 91 
64 9 6 47 86 46 34 41 38 1 84 73 4 0 53 88 82 2 29 24 23 31 55 81 27 1 14 75 41 73 86 4 54 25 76 31 38 63 84 81 38 14 
48 35 14 60 36 21 54 65 50 71 74 54 46 53 0 3 19 99 75 97 42 67 11 66 65 73 17 73 33 8 4 53 90 35 24 36 97 15 86 75 22 18 
66 86 88 22 7 79 36 55 94 30 63 13 75 88 3 0 73 33 97 24 83 41 90 85 21 90 22 77 88 97 21 96 61 5 38 35 64 8 86 53 90 90 
34 18 85 65 82 66 67 58 72 73 10 78 7 82 19 73 0 37 31 20 35 10 17 88 75 73 17 51 41 76 87 84 54 96 36 41 67 34 50 48 49 82 
62 59 96 53 34 33 19 34 75 93 6 97 43 2 99 33 37 0 76 29 34 99 29 59 41 9 82 12 60 64 29 47 61 18 39 45 35 8 2 20 43 59 
50 90 67 89 11 71 71 81 73 86 44 8 52 29 75 97 31 76 0 81 25 27 38 56 12 40 28 83 86 20 76 12 31 7 4 93 14 25 72 32 10 41 
46 95 17 37 21 19 63 91 44 98 77 67 5 24 97 24 20 29 81 0 39 17 18 74 48 86 17 39 39 51 41 26 27 41 19 38 41 69 96 61 67 54 
58 77 98 14 49 88 17 88 76 18 0 28 81 23 42 83 35 34 25 39 0 10 9 6 75 41 39 61 52 73 38 37 64 30 42 10 59 51 41 77 82 84 
19 8 2 30 83 81 4 79 51 83 64 52 34 31 67 41 10 99 27 17 10 0 60 59 12 63 67 80 41 19 58 26 55 64 91 8 12 34 49 1 70 72 
31 13 53 49 16 1 67 74 95 75 86 77 11 55 11 90 17 29 38 18 9 60 0 8 83 54 61 12 64 89 99 53 16 30 52 84 19 20 2 31 34 87 
68 44 5 68 78 41 81 46 35 19 11 74 45 81 66 85 88 59 56 74 6 59 8 0 82 30 62 26 14 13 73 12 76 64 75 69 32 83 5 93 42 68 
1 81 45 67 36 95 29 12 13 82 29 32 65 27 65 21 75 41 12 48 75 12 83 82 0 80 35 20 46 4 72 63 2 71 82 47 1 6 68 26 26 51 
18 45 76 45 28 46 68 5 69 86 32 94 58 1 73 90 73 9 40 86 41 63 54 30 80 0 88 55 12 34 12 45 67 2 8 23 95 11 16 18 93 3 
23 71 51 22 5 23 31 98 34 7 76 49 52 14 17 22 17 82 28 17 39 67 61 62 35 88 0 22 61 74 50 15 65 59 95 78 74 27 44 51 43 29 
14 44 31 57 95 20 57 17 92 10 52 66 58 75 73 77 51 12 83 39 61 80 12 26 20 55 22 0 21 45 50 94 46 51 19 3 32 94 83 84 79 40 
33 16 92 87 33 89 53 87 56 64 92 69 56 41 33 88 41 60 86 39 52 41 64 14 46 12 61 21 0 84 75 37 58 12 68 65 91 76 23 83 92 36 
9 20 55 58 68 83 39 62 28 18 40 13 6 73 8 97 76 64 20 51 73 19 89 13 4 34 74 45 84 0 8 65 64 0 60 32 49 5 64 14 2 14 
30 98 6 75 33 70 9 67 52 36 44 82 8 86 4 21 87 29 76 41 38 58 99 73 72 12 50 50 75 8 0 43 15 44 51 38 62 56 29 96 86 10 
20 47 55 25 46 63 16 17 47 63 40 78 11 4 53 96 84 47 12 26 37 26 53 12 63 45 15 94 37 65 43 0 84 20 38 20 45 13 71 3 87 92 
91 49 64 89 6 86 22 90 42 1 22 3 29 54 90 61 54 61 31 27 64 55 16 76 2 67 65 46 58 64 15 84 0 4 92 2 39 8 43 16 23 73 
22 77 9 55 38 88 61 69 93 57 49 53 96 25 35 5 96 18 7 41 30 64 30 64 71 2 59 51 12 0 44 20 4 0 99 79 36 24 22 87 17 30 
94 58 26 5 27 84 67 96 15 73 52 71 33 76 24 38 36 39 4 19 42 91 52 75 82 8 95 19 68 60 51 38 92 99 0 44 93 17 70 60 62 22 
32 55 83 63 26 69 1 18 84 96 23 31 38 31 36 35 41 45 93 38 10 8 84 69 47 23 78 3 65 32 38 20 2 79 44 0 36 87 11 50 22 76 
91 76 27 67 56 74 69 54 19 35 9 71 49 38 97 64 67 35 14 41 59 12 19 32 1 95 74 32 91 49 62 45 39 36 93 36 0 53 99 42 21 85 
18 8 25 82 43 67 62 70 31 72 12 7 75 63 15 8 34 8 25 69 51 34 20 83 6 11 27 94 76 5 56 13 8 24 17 87 53 0 20 61 37 5 
19 31 88 89 32 67 76 95 0 4 22 23 82 84 86 86 50 2 72 96 41 49 2 5 68 16 44 83 23 64 29 71 43 22 70 11 99 20 0 29 55 48 
13 88 30 45 21 42 38 70 9 15 77 48 99 81 75 53 48 20 32 61 77 1 31 93 26 18 51 84 83 14 96 3 16 87 60 50 42 61 29 0 18 38 
28 75 69 70 24 47 29 46 67 53 90 6 51 38 22 90 49 43 10 67 82 70 34 42 26 93 43 79 92 2 86 87 23 17 62 22 21 37 55 18 0 87 
61 48 90 73 74 75 81 18 40 13 27 63 91 14 18 90 82 59 41 54 84 72 87 68 51 3 29 40 36 14 10 92 73 30 22 76 85 5 48 38 87 0 
