0 84 27 18 9 29 72 27 60 3 91 90 47 81 41 83 23 33 51 92 99 80 79 66 75 19 82 33 10 80 2 96 
84 0 27 34 91 5 64 74 21 47 78 30 99 14 76 84 91 20 86 76 67 13 81 23 2 38 74 28 99 68 65 28 
27 27 0 35 15 77 39 11 62 83 15 67 21 27 77 18 2 54 35 86 66 69 3 87 75 14 39 44 83 39 46 45 
18 34 35 0 84 24 72 13 64 6 34 33 89 6 32 14 22 84 20 0 28 38 39 63 43 28 36 43 25 2 57 73 
9 91 15 84 0 33 16 79 25 14 86 22 79 31 73 85 61 35 11 92 54 42 39 43 58 42 76 12 63 12 28 42 
29 5 77 24 33 0 8 67 32 44 8 68 27 17 86 49 76 22 93 31 10 47 3 79 80 27 63 64 30 38 91 67 
72 64 39 72 16 8 0 83 73 16 25 31 24 53 38 17 29 43 43 47 98 37 77 6 49 94 73 14 55 32 13 89 
27 74 11 13 79 67 83 0 62 12 57 48 53 28 27 72 63 47 73 87 44 87 17 8 44 25 59 60 40 8 51 51 
60 21 62 64 25 32 73 62 0 86 0 89 11 95 63 13 4 73 71 9 37 8 16 63 59 81 24 30 3 53 5 68 
3 47 83 6 14 44 16 12 86 0 94 12 1 64 38 41 22 69 72 10 1 95 55 70 85 36 87 7 62 28 53 35 
91 78 15 34 86 8 25 57 0 94 0 12 30 31 15 14 18 47 95 75 35 15 13 29 58 13 32 48 34 57 97 54 
90 30 67 33 22 68 31 48 89 12 12 0 23 76 16 5 97 14 5 67 90 9 3 55 92 93 51 63 78 28 2 86 
47 99 21 89 79 27 24 53 11 1 30 23 0 27 51 0 99 92 78 9 96 79 45 42 75 28 72 61 4 25 15 66 
81 14 27 6 31 17 53 28 95 64 31 76 27 0 88 54 99 10 33 22 64 43 6 14 72 58 25 75 1 85 76 12 
41 76 77 32 73 86 38 27 63 38 15 16 51 88 0 55 11 38 78 45 57 16 31 6 33 53 94 56 7 10 29 49 
83 84 18 14 85 49 17 72 13 41 14 5 0 54 55 0 9 90 19 66 95 58 81 77 75 77 11 54 19 92 36 22 
23 91 2 22 61 76 29 63 4 22 18 97 99 99 11 9 0 84 85 5 9 75 37 16 30 56 80 82 5 32 53 39 
33 20 54 84 35 22 43 47 73 69 47 14 92 10 38 90 84 0 90 9 84 43 53 96 5 60 42 0 93 64 17 58 
51 86 35 20 11 93 43 73 71 72 95 5 78 33 78 19 85 90 0 71 89 54 91 81 51 12 20 38 23 33 98 70 
92 76 86 0 92 31 47 87 9 10 75 67 9 22 45 66 5 9 71 0 16 96 87 37 8 62 0 68 86 37 97 45 
99 67 66 28 54 10 98 44 37 1 35 90 96 64 57 95 9 84 89 16 0 27 99 23 34 52 55 19 93 26 87 96 
80 13 69 38 42 47 37 87 8 95 15 9 79 43 16 58 75 43 54 96 27 0 43 61 95 55 15 51 57 71 42 33 
79 81 3 39 39 3 77 17 16 55 13 3 45 6 31 81 37 53 91 87 99 43 0 59 79 98 99 1 63 32 77 11 
66 23 87 63 43 79 6 8 63 70 29 55 42 14 6 77 16 96 81 37 23 61 59 0 15 43 42 16 3 86 21 0 
75 2 75 43 58 80 49 44 59 85 58 92 75 72 33 75 30 5 51 8 34 95 79 15 0 58 94 97 89 3 50 61 
19 38 14 28 42 27 94 25 81 36 13 93 28 58 53 77 56 60 12 62 52 55 98 43 58 0 45 97 76 57 28 51 
82 74 39 36 76 63 73 59 24 87 32 51 72 25 94 11 80 42 20 0 55 15 99 42 94 45 0 25 83 6 70 96 
33 28 44 43 12 64 14 60 30 7 48 63 61 75 56 54 82 0 38 68 19 51 1 16 97 97 25 0 98 47 43 27 
10 99 83 25 63 30 55 40 3 62 34 78 4 1 7 19 5 93 23 86 93 57 63 3 89 76 83 98 0 79 47 65 
80 68 39 2 12 38 32 8 53 28 57 28 25 85 10 92 32 64 33 37 26 71 32 86 3 57 6 47 79 0 47 45 
2 65 46 57 28 91 13 51 5 53 97 2 15 76 29 36 53 17 98 97 87 42 77 21 50 28 70 43 47 47 0 77 
96 28 45 73 42 67 89 51 68 35 54 86 66 12 49 22 39 58 70 45 96 33 11 0 61 51 96 27 65 45 77 0 
