0 91 86 60 79 9 96 8 65 52 59 29 99 53 66 64 19 81 16 
91 0 26 16 71 50 96 67 98 93 55 12 96 31 25 38 70 61 46 
86 26 0 89 32 87 95 20 89 94 41 5 34 32 56 21 76 55 90 
60 16 89 0 70 52 33 64 43 22 69 36 54 57 81 14 77 10 16 
79 71 32 70 0 73 72 4 38 49 60 37 92 28 72 60 88 26 96 
9 50 87 52 73 0 91 60 42 46 35 67 86 22 70 88 94 95 33 
96 96 95 33 72 91 0 16 34 5 72 40 95 82 60 35 84 51 31 
8 67 20 64 4 60 16 0 42 94 24 59 42 77 36 57 16 18 64 
65 98 89 43 38 42 34 42 0 0 76 71 55 83 83 21 7 40 62 
52 93 94 22 49 46 5 94 0 0 78 35 64 84 82 92 91 73 96 
59 55 41 69 60 35 72 24 76 78 0 19 49 22 47 85 11 2 34 
29 12 5 36 37 67 40 59 71 35 19 0 34 27 18 86 19 20 32 
99 96 34 54 92 86 95 42 55 64 49 34 0 30 55 97 73 53 21 
53 31 32 57 28 22 82 77 83 84 22 27 30 0 90 16 53 1 25 
66 25 56 81 72 70 60 36 83 82 47 18 55 90 0 65 91 34 64 
64 38 21 14 60 88 35 57 21 92 85 86 97 16 65 0 24 8 55 
19 70 76 77 88 94 84 16 7 91 11 19 73 53 91 24 0 0 56 
81 61 55 10 26 95 51 18 40 73 2 20 53 1 34 8 0 0 11 
16 46 90 16 96 33 31 64 62 96 34 32 21 25 64 55 56 11 0 
