0 35 9 90 90 3 16 25 57 3 98 97 5 40 29 82 2 23 18 90 31 70 58 83 98 22 37 10 86 95 42 65 92 24 43 
35 0 44 10 75 12 44 3 58 22 93 23 91 26 26 40 88 85 13 87 7 2 76 50 21 13 46 11 92 82 91 85 55 41 95 
9 44 0 62 34 73 60 26 98 39 99 91 66 62 56 98 1 85 86 10 44 98 56 52 29 82 99 3 13 38 14 2 11 69 91 
90 10 62 0 64 42 16 17 60 73 95 75 77 19 72 8 53 94 59 49 87 61 41 56 67 53 98 15 92 92 7 68 24 97 76 
90 75 34 64 0 68 55 96 64 20 25 59 39 76 82 44 53 39 13 14 17 40 0 10 71 67 4 69 60 19 93 87 84 24 30 
3 12 73 42 68 0 40 87 81 99 33 65 72 63 23 55 71 68 83 60 23 34 49 36 25 77 7 16 5 47 42 71 66 98 72 
16 44 60 16 55 40 0 34 19 62 9 48 96 40 3 76 45 96 42 71 84 21 38 9 67 47 84 48 53 36 0 2 78 99 44 
25 3 26 17 96 87 34 0 85 82 31 58 68 47 45 95 0 3 6 16 44 15 37 91 79 23 44 24 69 96 96 15 69 56 54 
57 58 98 60 64 81 19 85 0 21 66 58 14 78 24 25 57 44 94 31 71 55 3 55 26 22 46 23 69 47 82 16 29 16 59 
3 22 39 73 20 99 62 82 21 0 32 27 61 99 54 56 58 74 18 61 60 93 56 86 64 41 79 47 0 40 19 19 3 77 0 
98 93 99 95 25 33 9 31 66 32 0 49 66 2 38 88 48 19 97 54 78 58 22 97 55 1 77 58 11 12 87 72 93 16 60 
97 23 91 75 59 65 48 58 58 27 49 0 82 75 9 93 97 74 49 34 9 71 18 2 69 99 90 82 81 12 77 62 89 88 84 
5 91 66 77 39 72 96 68 14 61 66 82 0 60 13 87 41 57 78 63 64 20 43 20 9 99 72 58 87 82 12 14 17 84 32 
40 26 62 19 76 63 40 47 78 99 2 75 60 0 33 88 64 86 52 94 80 8 73 42 57 42 27 28 24 76 93 72 49 39 58 
29 26 56 72 82 23 3 45 24 54 38 9 13 33 0 11 46 0 17 42 79 79 0 64 16 46 73 11 85 11 57 99 77 22 46 
82 40 98 8 44 55 76 95 25 56 88 93 87 88 11 0 51 54 4 60 57 58 6 17 80 87 66 41 65 1 69 38 31 41 97 
2 88 1 53 53 71 45 0 57 58 48 97 41 64 46 51 0 28 4 58 26 37 38 16 24 80 74 72 39 64 60 59 96 49 44 
23 85 85 94 39 68 96 3 44 74 19 74 57 86 0 54 28 0 56 32 22 21 53 40 62 53 94 64 64 69 80 52 55 7 45 
18 13 86 59 13 83 42 6 94 18 97 49 78 52 17 4 4 56 0 4 56 2 53 95 48 41 23 60 49 36 98 90 11 12 66 
90 87 10 49 14 60 71 16 31 61 54 34 63 94 42 60 58 32 4 0 7 0 91 99 56 13 20 75 83 57 21 1 66 25 66 
31 7 44 87 17 23 84 44 71 60 78 9 64 80 79 57 26 22 56 7 0 58 20 86 65 37 10 42 61 12 64 46 24 29 45 
70 2 98 61 40 34 21 15 55 93 58 71 20 8 79 58 37 21 2 0 58 0 73 55 23 65 3 24 17 59 21 58 57 0 44 
58 76 56 41 0 49 38 37 3 56 22 18 43 73 0 6 38 53 53 91 20 73 0 30 47 71 5 93 21 86 35 54 43 81 21 
83 50 52 56 10 36 9 91 55 86 97 2 20 42 64 17 16 40 95 99 86 55 30 0 26 64 27 55 75 35 42 52 11 56 44 
98 21 29 67 71 25 67 79 26 64 55 69 9 57 16 80 24 62 48 56 65 23 47 26 0 55 6 67 0 42 11 68 98 17 88 
22 13 82 53 67 77 47 23 22 41 1 99 99 42 46 87 80 53 41 13 37 65 71 64 55 0 46 16 12 80 26 62 7 62 19 
37 46 99 98 4 7 84 44 46 79 77 90 72 27 73 66 74 94 23 20 10 3 5 27 6 46 0 94 95 64 62 65 57 78 12 
10 11 3 15 69 16 48 24 23 47 58 82 58 28 11 41 72 64 60 75 42 24 93 55 67 16 94 0 85 16 53 37 47 80 9 
86 92 13 92 60 5 53 69 69 0 11 81 87 24 85 65 39 64 49 83 61 17 21 75 0 12 95 85 0 78 12 50 35 20 5 
95 82 38 92 19 47 36 96 47 40 12 12 82 76 11 1 64 69 36 57 12 59 86 35 42 80 64 16 78 0 0 16 54 9 25 
42 91 14 7 93 42 0 96 82 19 87 77 12 93 57 69 60 80 98 21 64 21 35 42 11 26 62 53 12 0 0 11 68 69 14 
65 85 2 68 87 71 2 15 16 19 72 62 14 72 99 38 59 52 90 1 46 58 54 52 68 62 65 37 50 16 11 0 4 89 75 
92 55 11 24 84 66 78 69 29 3 93 89 17 49 77 31 96 55 11 66 24 57 43 11 98 7 57 47 35 54 68 4 0 96 39 
24 41 69 97 24 98 99 56 16 77 16 88 84 39 22 41 49 7 12 25 29 0 81 56 17 62 78 80 20 9 69 89 96 0 68 
43 95 91 76 30 72 44 54 59 0 60 84 32 58 46 97 44 45 66 66 45 44 21 44 88 19 12 9 5 25 14 75 39 68 0 
