0 76 60 44 79 2 37 30 60 43 6 79 59 90 94 55 42 41 85 54 98 56 75 77 93 70 11 50 88 61 34 42 28 92 60 37 2 34 
76 0 20 95 69 53 87 57 27 17 90 54 87 68 13 2 82 27 84 74 83 14 1 10 37 89 45 63 32 75 81 72 35 85 89 60 17 96 
60 20 0 7 15 47 19 45 23 2 80 24 17 30 98 30 65 34 82 68 47 97 82 37 76 62 42 79 57 32 54 56 19 24 73 86 52 3 
44 95 7 0 81 27 1 53 87 91 33 88 54 16 11 19 72 64 65 54 21 39 13 99 61 48 84 27 9 37 1 43 10 47 44 7 74 45 
79 69 15 81 0 37 64 51 30 5 22 98 74 0 45 17 37 76 98 6 14 25 98 8 38 74 70 59 49 9 61 24 52 87 79 7 94 99 
2 53 47 27 37 0 24 74 61 69 18 95 16 87 13 61 74 20 67 64 42 77 48 39 98 1 48 16 51 53 24 23 87 33 19 63 14 22 
37 87 19 1 64 24 0 53 98 19 13 87 52 47 93 42 40 60 25 99 99 23 9 4 30 32 27 60 6 4 61 21 19 61 51 43 42 18 
30 57 45 53 51 74 53 0 23 18 1 33 2 56 5 42 85 53 30 51 12 8 48 10 40 35 41 40 11 40 95 14 55 58 80 58 19 3 
60 27 23 87 30 61 98 23 0 73 61 30 59 29 27 14 75 99 45 17 9 71 18 32 16 34 58 95 52 43 85 41 7 19 95 53 55 46 
43 17 2 91 5 69 19 18 73 0 41 27 27 31 91 74 22 95 13 39 47 73 33 66 79 71 23 9 45 45 39 14 28 86 32 86 40 85 
6 90 80 33 22 18 13 1 61 41 0 78 40 91 32 31 86 99 5 36 68 36 23 67 76 4 28 85 79 51 17 92 99 41 86 98 44 11 
79 54 24 88 98 95 87 33 30 27 78 0 96 65 72 21 13 68 95 19 0 60 84 95 30 73 20 7 17 56 53 21 11 29 94 60 15 18 
59 87 17 54 74 16 52 2 59 27 40 96 0 66 91 68 14 62 84 39 64 25 93 20 24 79 54 12 64 97 72 91 45 13 11 73 33 42 
90 68 30 16 0 87 47 56 29 31 91 65 66 0 88 39 5 84 78 11 44 70 18 68 35 80 67 65 37 87 96 25 14 88 77 2 59 54 
94 13 98 11 45 13 93 5 27 91 32 72 91 88 0 0 51 80 0 91 2 38 43 52 6 86 48 18 18 96 23 88 25 45 17 53 51 51 
55 2 30 19 17 61 42 42 14 74 31 21 68 39 0 0 56 70 1 98 9 83 84 36 49 12 18 86 61 64 66 27 21 97 75 15 32 92 
42 82 65 72 37 74 40 85 75 22 86 13 14 5 51 56 0 17 88 14 28 16 97 22 94 45 95 95 79 59 49 59 17 15 56 60 92 69 
41 27 34 64 76 20 60 53 99 95 99 68 62 84 80 70 17 0 96 99 26 11 87 6 55 23 16 73 83 94 61 82 10 43 58 19 81 39 
85 84 82 65 98 67 25 30 45 13 5 95 84 78 0 1 88 96 0 81 4 54 15 37 5 86 75 59 22 69 3 29 23 11 63 96 48 58 
54 74 68 54 6 64 99 51 17 39 36 19 39 11 91 98 14 99 81 0 20 21 86 83 90 27 31 46 37 96 75 58 53 0 88 61 46 13 
98 83 47 21 14 42 99 12 9 47 68 0 64 44 2 9 28 26 4 20 0 33 79 68 17 47 65 88 46 81 26 88 68 78 6 38 43 33 
56 14 97 39 25 77 23 8 71 73 36 60 25 70 38 83 16 11 54 21 33 0 37 53 82 81 59 95 79 59 86 3 14 61 35 79 38 33 
75 1 82 13 98 48 9 48 18 33 23 84 93 18 43 84 97 87 15 86 79 37 0 83 54 6 7 85 53 33 36 5 43 76 92 39 4 93 
77 10 37 99 8 39 4 10 32 66 67 95 20 68 52 36 22 6 37 83 68 53 83 0 19 49 59 45 60 99 32 88 78 45 25 77 5 36 
93 37 76 61 38 98 30 40 16 79 76 30 24 35 6 49 94 55 5 90 17 82 54 19 0 67 30 97 99 57 73 99 82 17 32 81 44 1 
70 89 62 48 74 1 32 35 34 71 4 73 79 80 86 12 45 23 86 27 47 81 6 49 67 0 35 26 25 18 48 67 98 11 65 41 45 93 
11 45 42 84 70 48 27 41 58 23 28 20 54 67 48 18 95 16 75 31 65 59 7 59 30 35 0 66 97 34 78 22 27 77 93 56 91 3 
50 63 79 27 59 16 60 40 95 9 85 7 12 65 18 86 95 73 59 46 88 95 85 45 97 26 66 0 97 31 89 90 65 94 95 92 64 51 
88 32 57 9 49 51 6 11 52 45 79 17 64 37 18 61 79 83 22 37 46 79 53 60 99 25 97 97 0 49 36 9 78 50 69 19 42 6 
61 75 32 37 9 53 4 40 43 45 51 56 97 87 96 64 59 94 69 96 81 59 33 99 57 18 34 31 49 0 49 56 34 80 6 56 33 99 
34 81 54 1 61 24 61 95 85 39 17 53 72 96 23 66 49 61 3 75 26 86 36 32 73 48 78 89 36 49 0 64 29 72 52 62 49 24 
42 72 56 43 24 23 21 14 41 14 92 21 91 25 88 27 59 82 29 58 88 3 5 88 99 67 22 90 9 56 64 0 39 43 12 24 7 25 
28 35 19 10 52 87 19 55 7 28 99 11 45 14 25 21 17 10 23 53 68 14 43 78 82 98 27 65 78 34 29 39 0 61 14 63 64 76 
92 85 24 47 87 33 61 58 19 86 41 29 13 88 45 97 15 43 11 0 78 61 76 45 17 11 77 94 50 80 72 43 61 0 57 24 89 78 
60 89 73 44 79 19 51 80 95 32 86 94 11 77 17 75 56 58 63 88 6 35 92 25 32 65 93 95 69 6 52 12 14 57 0 12 21 67 
37 60 86 7 7 63 43 58 53 86 98 60 73 2 53 15 60 19 96 61 38 79 39 77 81 41 56 92 19 56 62 24 63 24 12 0 52 74 
2 17 52 74 94 14 42 19 55 40 44 15 33 59 51 32 92 81 48 46 43 38 4 5 44 45 91 64 42 33 49 7 64 89 21 52 0 75 
34 96 3 45 99 22 18 3 46 85 11 18 42 54 51 92 69 39 58 13 33 33 93 36 1 93 3 51 6 99 24 25 76 78 67 74 75 0 
