0 18 68 48 51 73 16 86 81 5 38 16 26 82 78 67 89 94 74 85 16 11 8 31 48 85 95 18 60 50 5 21 96 22 3 69 1 57 1 16 91 64 4 69 0 
18 0 19 22 92 60 26 38 66 27 7 1 43 7 21 37 12 61 11 60 49 83 47 60 15 64 39 95 96 73 45 74 60 21 31 41 44 56 65 82 86 0 56 18 55 
68 19 0 61 44 40 29 70 14 15 14 61 21 61 74 72 86 51 45 27 92 97 8 80 66 54 30 73 0 39 64 60 60 89 75 31 89 74 90 0 54 51 90 30 77 
48 22 61 0 68 45 78 44 84 56 28 14 79 38 17 16 6 3 70 74 34 14 60 80 33 65 52 17 70 54 1 83 4 67 89 27 34 74 48 36 58 35 93 11 89 
51 92 44 68 0 6 28 37 48 33 8 44 33 26 86 88 7 31 14 87 59 91 3 17 20 37 83 70 60 99 80 18 30 4 22 54 87 32 97 97 12 98 75 5 77 
73 60 40 45 6 0 85 88 53 33 28 58 4 75 83 20 32 89 34 15 90 8 81 61 62 80 22 70 51 41 16 92 83 59 61 46 50 34 19 1 37 31 28 92 47 
16 26 29 78 28 85 0 44 75 74 44 43 60 58 97 86 47 79 79 18 94 10 72 59 37 46 49 68 51 86 2 28 27 17 45 16 48 31 90 3 99 60 73 69 90 
86 38 70 44 37 88 44 0 8 28 12 39 11 39 34 35 58 78 8 13 93 63 67 14 75 58 51 90 69 78 76 27 0 77 68 51 87 31 23 44 36 21 93 63 51 
81 66 14 84 48 53 75 8 0 13 52 13 1 43 70 86 91 79 89 48 88 30 90 64 55 22 0 33 7 65 55 90 61 54 82 31 11 40 81 64 92 77 35 20 40 
5 27 15 56 33 33 74 28 13 0 23 43 56 51 98 18 1 58 69 43 5 77 19 87 55 83 46 12 45 92 14 93 30 85 68 83 66 35 39 11 1 14 45 5 57 
38 7 14 28 8 28 44 12 52 23 0 49 28 21 23 60 71 48 17 30 7 6 75 93 51 59 80 98 59 36 29 66 54 41 36 39 15 29 71 68 34 54 27 10 69 
16 1 61 14 44 58 43 39 13 43 49 0 62 20 4 45 95 47 26 80 92 39 64 96 88 31 85 85 64 37 53 26 13 15 68 25 84 90 82 70 91 8 48 77 62 
26 43 21 79 33 4 60 11 1 56 28 62 0 3 47 59 14 1 5 0 85 91 29 82 7 54 4 61 9 52 14 70 80 19 70 65 97 74 0 51 21 1 97 88 72 
82 7 61 38 26 75 58 39 43 51 21 20 3 0 57 12 56 38 41 11 57 66 57 36 1 11 24 56 97 13 12 19 53 75 48 6 80 35 8 77 44 66 73 95 31 
78 21 74 17 86 83 97 34 70 98 23 4 47 57 0 8 0 13 5 92 11 49 74 70 15 89 56 94 66 19 50 94 37 54 81 84 82 54 92 10 63 58 23 51 11 
67 37 72 16 88 20 86 35 86 18 60 45 59 12 8 0 12 72 3 46 7 61 2 17 77 78 61 92 91 16 74 80 70 56 12 5 11 94 72 88 20 30 3 91 94 
89 12 86 6 7 32 47 58 91 1 71 95 14 56 0 12 0 60 67 22 23 32 52 83 90 5 97 97 17 63 32 37 62 0 81 41 34 84 26 42 60 93 63 88 75 
94 61 51 3 31 89 79 78 79 58 48 47 1 38 13 72 60 0 74 17 89 38 52 96 55 17 32 84 33 21 64 64 68 44 52 3 9 84 93 85 11 2 8 72 27 
74 11 45 70 14 34 79 8 89 69 17 26 5 41 5 3 67 74 0 79 14 80 56 99 4 13 0 6 35 53 30 36 34 42 98 49 91 49 14 54 76 9 12 95 86 
85 60 27 74 87 15 18 13 48 43 30 80 0 11 92 46 22 17 79 0 59 56 74 17 7 93 20 68 13 36 88 97 21 56 97 48 53 22 58 79 62 69 97 81 23 
16 49 92 34 59 90 94 93 88 5 7 92 85 57 11 7 23 89 14 59 0 87 67 85 34 42 64 12 67 25 86 0 74 91 45 91 33 18 78 79 40 25 65 47 2 
11 83 97 14 91 8 10 63 30 77 6 39 91 66 49 61 32 38 80 56 87 0 1 29 32 73 70 78 55 74 74 95 74 30 55 34 30 89 66 10 27 50 9 36 16 
8 47 8 60 3 81 72 67 90 19 75 64 29 57 74 2 52 52 56 74 67 1 0 31 40 50 11 44 56 91 38 94 41 59 47 6 46 96 68 29 45 47 11 38 32 
31 60 80 80 17 61 59 14 64 87 93 96 82 36 70 17 83 96 99 17 85 29 31 0 34 81 77 58 67 0 18 15 37 31 69 7 66 30 45 20 78 78 99 75 67 
48 15 66 33 20 62 37 75 55 55 51 88 7 1 15 77 90 55 4 7 34 32 40 34 0 10 62 92 30 41 5 82 2 4 30 4 96 81 90 63 75 41 38 70 14 
85 64 54 65 37 80 46 58 22 83 59 31 54 11 89 78 5 17 13 93 42 73 50 81 10 0 75 41 35 0 42 68 37 28 97 91 15 37 99 88 60 73 18 79 53 
95 39 30 52 83 22 49 51 0 46 80 85 4 24 56 61 97 32 0 20 64 70 11 77 62 75 0 71 37 69 48 15 33 26 31 92 20 79 84 28 77 96 0 79 56 
18 95 73 17 70 70 68 90 33 12 98 85 61 56 94 92 97 84 6 68 12 78 44 58 92 41 71 0 64 24 45 35 79 32 14 8 61 95 77 38 77 4 32 94 87 
60 96 0 70 60 51 51 69 7 45 59 64 9 97 66 91 17 33 35 13 67 55 56 67 30 35 37 64 0 27 44 33 4 27 37 11 36 28 62 68 87 73 23 61 37 
50 73 39 54 99 41 86 78 65 92 36 37 52 13 19 16 63 21 53 36 25 74 91 0 41 0 69 24 27 0 12 83 91 83 47 76 51 0 83 70 1 64 25 85 43 
5 45 64 1 80 16 2 76 55 14 29 53 14 12 50 74 32 64 30 88 86 74 38 18 5 42 48 45 44 12 0 32 49 95 94 75 18 30 72 98 15 42 45 8 64 
21 74 60 83 18 92 28 27 90 93 66 26 70 19 94 80 37 64 36 97 0 95 94 15 82 68 15 35 33 83 32 0 16 19 72 37 56 2 35 56 93 30 13 19 75 
96 60 60 4 30 83 27 0 61 30 54 13 80 53 37 70 62 68 34 21 74 74 41 37 2 37 33 79 4 91 49 16 0 36 36 25 44 20 18 46 71 60 61 10 99 
22 21 89 67 4 59 17 77 54 85 41 15 19 75 54 56 0 44 42 56 91 30 59 31 4 28 26 32 27 83 95 19 36 0 26 20 91 1 51 80 79 38 84 72 99 
3 31 75 89 22 61 45 68 82 68 36 68 70 48 81 12 81 52 98 97 45 55 47 69 30 97 31 14 37 47 94 72 36 26 0 89 71 63 67 92 36 21 44 52 51 
69 41 31 27 54 46 16 51 31 83 39 25 65 6 84 5 41 3 49 48 91 34 6 7 4 91 92 8 11 76 75 37 25 20 89 0 1 60 62 5 6 30 50 26 80 
1 44 89 34 87 50 48 87 11 66 15 84 97 80 82 11 34 9 91 53 33 30 46 66 96 15 20 61 36 51 18 56 44 91 71 1 0 73 85 8 90 3 7 19 15 
57 56 74 74 32 34 31 31 40 35 29 90 74 35 54 94 84 84 49 22 18 89 96 30 81 37 79 95 28 0 30 2 20 1 63 60 73 0 63 62 74 46 51 49 91 
1 65 90 48 97 19 90 23 81 39 71 82 0 8 92 72 26 93 14 58 78 66 68 45 90 99 84 77 62 83 72 35 18 51 67 62 85 63 0 74 28 49 92 35 20 
16 82 0 36 97 1 3 44 64 11 68 70 51 77 10 88 42 85 54 79 79 10 29 20 63 88 28 38 68 70 98 56 46 80 92 5 8 62 74 0 95 57 19 54 8 
91 86 54 58 12 37 99 36 92 1 34 91 21 44 63 20 60 11 76 62 40 27 45 78 75 60 77 77 87 1 15 93 71 79 36 6 90 74 28 95 0 22 46 94 5 
64 0 51 35 98 31 60 21 77 14 54 8 1 66 58 30 93 2 9 69 25 50 47 78 41 73 96 4 73 64 42 30 60 38 21 30 3 46 49 57 22 0 36 9 56 
4 56 90 93 75 28 73 93 35 45 27 48 97 73 23 3 63 8 12 97 65 9 11 99 38 18 0 32 23 25 45 13 61 84 44 50 7 51 92 19 46 36 0 6 16 
69 18 30 11 5 92 69 63 20 5 10 77 88 95 51 91 88 72 95 81 47 36 38 75 70 79 79 94 61 85 8 19 10 72 52 26 19 49 35 54 94 9 6 0 33 
0 55 77 89 77 47 90 51 40 57 69 62 72 31 11 94 75 27 86 23 2 16 32 67 14 53 56 87 37 43 64 75 99 99 51 80 15 91 20 8 5 56 16 33 0 
